0~~~99~~~20,2,3||85,2,9||12,2,3||9,2,3||21,2,3||31,2,3||65,2,4||100,1,-6||100,0,-11||
1~~~99~~~60,2,4||83,2,8||100,1,-6||100,0,-11||
2~~~95~~~95,1,10||
3~~~21~~~100,1,-84||31,0,-20||
4~~~90~~~95,1,-10||100,0,-20||
5~~~12~~~78,1,-71||9,1,34||100,0,-98||
6~~~78~~~22,2,3||19,2,3||56,2,6||48,2,5||100,1,-27||100,0,-32||
7~~~56~~~0,2,3||59,1,-8||100,0,-54||
8~~~65~~~0,2,3||10,2,3||73,1,-13||0,1,2||0,1,2||0,1,2||87,0,-32||
9~~~16~~~0,2,8||65,1,-54||24,0,-18||
10~~~92~~~53,2,4||0,2,3||24,2,3||77,2,8||0,2,3||0,2,3||0,2,3||9,2,3||0,2,3||87,2,22||0,2,3||0,2,3||11,2,3||0,2,3||0,2,3||0,2,3||0,2,3||0,2,3||19,2,3||0,2,3||0,2,3||0,2,3||0,2,3||72,2,7||0,2,3||0,2,3||0,2,3||0,2,3||93,1,-6||25,1,2||32,1,2||20,1,2||0,1,2||14,1,2||0,1,2||0,1,2||0,1,2||0,1,2||60,1,4||11,1,2||0,1,2||0,1,2||3,1,2||81,1,10||0,1,2||0,1,2||0,1,2||37,1,2||0,1,2||41,1,2||0,1,2||0,1,2||54,1,3||0,1,2||26,1,2||0,1,2||0,1,2||0,1,2||0,1,2||0,1,2||0,1,2||0,1,2||77,1,7||0,1,2||0,1,2||24,1,2||58,1,3||0,1,2||0,1,2||0,1,2||57,1,3||0,1,2||0,1,2||0,1,2||0,1,2||0,1,2||78,1,8||0,1,2||0,1,2||0,1,2||0,1,2||34,1,2||0,1,2||0,1,2||0,1,2||0,1,2||70,1,5||0,1,2||0,1,2||0,1,2||0,1,2||0,1,2||8,1,2||101,0,-19||
11~~~90~~~2,2,3||22,2,3||0,2,3||0,2,3||0,2,3||40,2,4||0,2,3||0,2,3||16,2,3||0,2,3||41,2,4||0,2,3||0,2,3||16,2,3||0,2,3||0,2,3||53,2,4||0,2,3||0,2,3||6,2,3||0,2,3||0,2,3||97,1,-12||0,1,2||0,1,2||0,1,2||0,1,2||0,1,2||0,1,2||0,1,2||33,1,2||0,1,2||0,1,2||0,1,2||51,1,3||0,1,2||0,1,2||0,1,2||42,1,3||0,1,2||40,1,3||0,1,2||0,1,2||77,1,8||0,1,2||0,1,2||44,1,3||64,1,4||90,0,5||
12~~~30~~~69,1,-44||0,1,4||43,0,-23||
13~~~81~~~0,2,3||0,2,3||93,1,-17||33,1,3||0,1,2||0,1,2||0,1,2||101,0,-30||
14~~~86~~~94,1,-13||0,1,2||0,1,2||48,1,3||0,1,2||0,1,2||0,1,2||78,1,13||0,1,2||37,1,3||0,1,2||16,1,2||87,0,-11||
15~~~2~~~0,2,52||0,2,52||0,2,52||37,1,-40||0,1,51||0,1,51||0,1,51||0,1,51||0,1,51||0,1,51||0,1,51||0,1,51||0,1,51||0,1,51||0,1,51||0,1,51||0,1,51||0,1,51||0,1,51||66,0,-74||
16~~~84~~~24,2,3||28,2,3||0,2,3||0,2,3||0,2,3||47,2,4||0,2,3||0,2,3||0,2,3||0,2,3||40,2,4||96,1,-17||0,1,2||87,0,-13||
17~~~41~~~0,2,4||0,2,4||0,2,4||0,2,4||0,2,4||0,2,4||21,2,7||0,2,4||0,2,4||0,2,4||0,2,4||42,1,-6||0,1,3||0,1,3||0,1,3||49,0,-18||
18~~~31~~~0,2,5||59,1,-33||52,0,-31||
19~~~81~~~23,2,3||25,2,3||7,2,3||0,2,3||2,2,3||0,2,3||0,2,3||0,2,3||0,2,3||0,2,3||0,2,3||0,2,3||0,2,3||0,2,3||12,2,3||89,1,-13||0,1,2||0,1,2||8,1,2||0,1,2||0,1,2||0,1,2||59,1,5||0,1,2||63,1,6||0,1,2||81,0,5||
20~~~61~~~97,1,-41||0,1,2||74,0,-23||
21~~~34~~~100,1,-71||100,0,-76||
22~~~92~~~100,1,-13||99,0,-17||
23~~~51~~~8,2,4||8,2,4||100,1,-54||100,0,-59||
24~~~75~~~92,1,-22||100,0,-35||
25~~~88~~~100,1,-17||100,0,-22||
26~~~62~~~100,1,-43||100,0,-48||
27~~~6~~~6,1,10||
28~~~72~~~100,1,-33||100,0,-38||
29~~~97~~~100,1,-8||100,0,-13||
30~~~83~~~100,1,-22||51,1,4||100,0,-27||
31~~~89~~~62,2,5||100,1,-16||100,0,-21||
32~~~17~~~100,1,-88||78,0,-71||
33~~~39~~~14,2,6||100,1,-66||100,0,-71||
34~~~91~~~100,1,-14||100,0,-19||
35~~~26~~~100,1,-79||100,0,-84||
36~~~74~~~100,1,-31||82,0,-18||
37~~~32~~~100,1,-73||100,0,-78||
38~~~54~~~100,1,-51||74,0,-30||
39~~~93~~~100,1,-12||100,0,-17||
40~~~69~~~100,1,-36||100,0,-41||
41~~~52~~~100,1,-53||100,0,-58||
42~~~79~~~100,1,-26||100,0,-31||
43~~~9~~~100,1,-96||100,0,-101||
44~~~58~~~100,1,-47||100,0,-52||
45~~~92~~~100,1,-13||100,0,-18||
46~~~50~~~100,1,-55||100,0,-60||
47~~~29~~~100,1,-76||100,0,-81||
48~~~54~~~100,1,-51||100,0,-56||
49~~~12~~~100,1,-93||100,0,-98||
50~~~17~~~100,1,-88||65,0,-58||
51~~~60~~~100,1,-45||100,0,-50||
52~~~22~~~100,1,-83||100,0,-88||
53~~~27~~~100,1,-78||24,1,34||100,0,-83||
54~~~48~~~100,1,-57||100,0,-62||
55~~~18~~~100,1,-87||35,0,-27||
56~~~29~~~100,1,-76||100,0,-81||
57~~~94~~~100,1,-11||52,1,3||100,0,-16||
58~~~45~~~100,1,-60||100,0,-65||
59~~~38~~~100,1,-67||100,0,-72||
60~~~7~~~100,1,-98||100,0,-103||
61~~~7~~~100,1,-98||100,0,-103||
62~~~31~~~100,1,-74||54,0,-33||
63~~~23~~~100,1,-82||100,0,-87||
64~~~70~~~100,1,-35||100,0,-40||
65~~~21~~~100,1,-84||100,0,-89||
66~~~23~~~100,1,-82||100,0,-87||
67~~~56~~~100,1,-49||100,0,-54||
68~~~85~~~100,1,-20||100,0,-25||
69~~~52~~~100,1,-53||100,0,-58||
70~~~44~~~100,1,-61||100,0,-66||
71~~~13~~~100,1,-92||100,0,-97||
72~~~46~~~100,1,-59||100,0,-64||
73~~~48~~~100,1,-57||100,0,-62||
74~~~86~~~100,1,-19||100,0,-24||
75~~~94~~~100,1,-11||100,0,-16||
76~~~86~~~100,1,-19||100,0,-24||
77~~~9~~~100,1,-96||100,0,-101||
78~~~63~~~100,1,-42||100,0,-47||
79~~~57~~~100,1,-48||100,0,-53||
80~~~69~~~100,1,-36||100,0,-41||
81~~~93~~~100,1,-12||100,0,-17||
82~~~19~~~100,1,-86||100,0,-91||
83~~~79~~~100,1,-26||100,0,-31||
84~~~23~~~100,1,-82||100,0,-87||
85~~~55~~~100,1,-50||100,0,-55||
86~~~10~~~100,1,-95||100,0,-100||
87~~~89~~~100,1,-16||100,0,-21||
88~~~94~~~100,1,-11||100,0,-16||
89~~~68~~~100,1,-37||100,0,-42||
90~~~7~~~100,1,-98||100,0,-103||
91~~~68~~~100,1,-37||100,0,-42||
92~~~44~~~100,1,-61||100,0,-66||
93~~~41~~~100,1,-64||100,0,-69||
94~~~77~~~100,1,-28||100,0,-33||
95~~~91~~~100,1,-14||100,0,-19||
96~~~20~~~100,1,-85||100,0,-90||
97~~~17~~~100,1,-88||100,0,-93||
98~~~25~~~100,1,-80||100,0,-85||
99~~~49~~~100,1,-56||100,0,-61||
100~~~79~~~100,1,-26||100,0,-31||
101~~~24~~~100,1,-81||100,0,-86||
102~~~60~~~100,1,-45||100,0,-50||
103~~~6~~~100,1,-99||100,0,-104||
104~~~41~~~100,1,-64||100,0,-69||
105~~~42~~~100,1,-63||100,0,-68||
106~~~68~~~100,1,-37||100,0,-42||
107~~~80~~~100,1,-25||100,0,-30||
108~~~53~~~100,1,-52||100,0,-57||
109~~~4~~~100,1,-101||100,0,-106||
110~~~85~~~100,1,-20||100,0,-25||
111~~~79~~~100,1,-26||100,0,-31||
112~~~49~~~100,1,-56||100,0,-61||
113~~~41~~~100,1,-64||100,0,-69||
114~~~40~~~100,1,-65||100,0,-70||
115~~~64~~~100,1,-41||100,0,-46||
116~~~73~~~100,1,-32||100,0,-37||
117~~~77~~~100,1,-28||100,0,-33||
118~~~45~~~100,1,-60||100,0,-65||
119~~~55~~~100,1,-50||100,0,-55||
120~~~9~~~100,1,-96||100,0,-101||
121~~~60~~~100,1,-45||100,0,-50||
122~~~66~~~100,1,-39||100,0,-44||
123~~~98~~~100,1,-7||100,0,-12||
124~~~52~~~100,1,-53||100,0,-58||
125~~~56~~~100,1,-49||100,0,-54||
126~~~100~~~100,1,10||
127~~~35~~~100,1,-70||100,0,-75||
128~~~12~~~100,1,-93||100,0,-98||
129~~~94~~~100,1,-11||100,0,-16||
130~~~76~~~100,1,-29||100,0,-34||
131~~~94~~~100,1,-11||100,0,-16||
132~~~13~~~100,1,-92||100,0,-97||
133~~~17~~~100,1,-88||100,0,-93||
134~~~93~~~100,1,-12||100,0,-17||
135~~~40~~~100,1,-65||100,0,-70||
136~~~35~~~100,1,-70||100,0,-75||
137~~~88~~~100,1,-17||100,0,-22||
138~~~76~~~100,1,-29||100,0,-34||
139~~~92~~~100,1,-13||100,0,-18||
140~~~7~~~100,1,-98||100,0,-103||
141~~~61~~~100,1,-44||100,0,-49||
142~~~87~~~100,1,-18||100,0,-23||
143~~~65~~~100,1,-40||100,0,-45||
144~~~1~~~100,1,-104||100,0,-109||
145~~~38~~~100,1,-67||100,0,-72||
146~~~65~~~100,1,-40||100,0,-45||
147~~~4~~~100,1,-101||100,0,-106||
148~~~3~~~100,1,-102||100,0,-107||
149~~~18~~~100,1,-87||100,0,-92||
150~~~13~~~100,1,-92||100,0,-97||
151~~~9~~~100,1,-96||100,0,-101||
152~~~82~~~100,1,-23||100,0,-28||
153~~~70~~~100,1,-35||100,0,-40||
154~~~82~~~100,1,-23||100,0,-28||
155~~~75~~~100,1,-30||100,0,-35||
