0~~~62~~~44,2,7||25,2,4||25,2,4||25,2,4||25,2,4||25,2,4||25,2,4||82,1,-25||25,1,3||5,1,2||1,1,2||94,0,-42||
1~~~50~~~1,2,4||98,1,-53||46,1,26||1,1,3||1,1,3||1,1,3||1,1,3||1,1,3||60,0,-20||
2~~~41~~~56,1,-20||64,0,-33||
3~~~83~~~1,2,3||1,2,3||1,2,3||1,2,3||1,2,3||2,2,3||1,2,3||1,2,3||1,2,3||1,2,3||1,2,3||1,2,3||93,1,-15||86,0,-13||
4~~~36~~~30,2,18||91,1,-60||94,0,-68||
5~~~53~~~56,1,-8||1,1,2||3,1,3||97,0,-54||
6~~~93~~~42,2,3||29,2,3||1,2,3||29,2,3||1,2,3||29,2,3||3,2,3||1,2,3||100,1,-12||1,1,2||29,1,2||1,1,2||8,1,2||1,1,2||37,1,2||1,1,2||70,1,5||1,1,2||87,1,17||1,1,2||1,1,2||1,1,2||90,1,34||28,1,2||1,1,2||66,1,4||1,1,2||1,1,2||1,1,2||1,1,2||6,1,2||90,1,34||1,1,2||1,1,2||1,1,2||1,1,2||84,1,12||1,1,2||1,1,2||33,1,2||29,1,2||53,1,3||45,1,3||1,1,2||1,1,2||87,1,17||96,0,-13||
7~~~59~~~67,1,-13||1,1,2||78,0,-29||
8~~~93~~~1,2,3||100,1,-12||17,1,2||1,1,2||1,1,2||1,1,2||95,0,-12||
9~~~11~~~1,2,12||1,2,12||1,2,12||58,1,-52||1,1,11||6,1,21||1,1,11||1,1,11||1,1,11||75,0,-74||
10~~~51~~~1,2,4||1,2,4||1,2,4||11,2,4||1,2,4||68,1,-22||1,1,3||1,1,3||1,1,3||1,1,3||1,1,3||1,1,3||1,1,3||1,1,3||89,0,-48||
11~~~24~~~1,2,6||1,2,6||1,2,6||1,2,6||5,2,7||1,2,6||1,2,6||12,2,10||31,1,-12||83,0,-69||
12~~~30~~~80,1,-55||1,1,4||1,1,4||1,1,4||1,1,4||60,0,-40||
13~~~26~~~35,1,-14||11,1,7||1,1,5||28,0,-12||
14~~~67~~~35,2,5||1,2,3||35,2,5||1,2,3||20,2,4||1,2,3||35,2,5||1,2,3||89,1,-27||1,1,2||56,1,10||1,1,2||1,1,2||87,0,-30||
15~~~56~~~78,1,-27||1,1,2||35,1,5||1,1,2||46,1,11||1,1,2||35,1,5||1,1,2||35,1,5||1,1,2||35,1,5||1,1,2||35,1,5||74,0,-28||
16~~~13~~~35,1,-27||23,0,-20||
17~~~18~~~35,1,-22||1,1,6||35,0,-27||
18~~~12~~~35,1,-28||1,1,10||35,0,-33||
19~~~20~~~26,1,-11||1,1,6||84,0,-74||
20~~~68~~~69,1,-6||19,1,3||92,0,-34||
21~~~27~~~69,1,-47||1,1,4||53,0,-36||
22~~~89~~~69,2,7||1,2,3||69,2,7||1,2,3||69,2,7||1,2,3||69,2,7||38,2,3||1,2,3||69,2,7||1,2,3||90,1,-6||1,1,2||93,0,-14||
23~~~45~~~69,1,-29||1,1,3||69,0,-34||
24~~~39~~~93,1,-59||1,1,3||93,0,-64||
25~~~88~~~46,2,4||35,2,3||1,2,3||7,2,3||1,2,3||7,2,3||1,2,3||7,2,3||1,2,3||11,2,3||71,2,7||1,2,3||79,2,13||1,2,3||7,2,3||94,1,-11||1,1,2||70,1,6||1,1,2||7,1,2||1,1,2||7,1,2||1,1,2||7,1,2||1,1,2||7,1,2||39,1,3||1,1,2||7,1,2||1,1,2||7,1,2||1,1,2||7,1,2||1,1,2||7,1,2||1,1,2||99,0,-21||
26~~~100~~~18,2,3||22,2,3||78,2,6||66,2,4||16,2,3||90,2,12||1,2,3||18,2,3||1,2,3||18,2,3||1,2,3||18,2,3||1,2,3||18,2,3||1,2,3||18,2,3||1,2,3||2,2,3||6,2,3||28,2,3||1,2,3||3,2,3||29,2,3||1,2,3||3,2,3||25,2,3||1,2,3||18,2,3||1,2,3||53,2,4||1,2,3||18,2,3||17,2,3||26,2,3||1,2,3||99,2,102||1,2,3||18,2,3||1,2,3||46,2,3||27,2,3||1,2,3||7,2,3||1,2,3||7,2,3||1,2,3||7,2,3||1,2,3||7,2,3||1,2,3||7,2,3||1,2,3||7,2,3||1,2,3||7,2,3||1,2,3||7,2,3||1,2,3||7,2,3||69,2,5||1,2,3||7,2,3||1,2,3||8,2,3||10,2,3||36,2,3||1,2,3||18,2,3||1,2,3||18,2,3||14,2,3||1,2,3||18,2,3||1,2,3||11,2,3||1,2,3||18,2,3||1,2,3||18,2,3||1,2,3||48,2,3||1,2,3||1,2,3||18,2,3||1,2,3||18,2,3||1,2,3||18,2,3||1,2,3||18,2,3||14,2,3||1,2,3||18,2,3||65,2,4||1,2,3||18,2,3||1,2,3||18,2,3||1,2,3||18,2,3||1,2,3||18,2,3||1,2,3||18,2,3||1,2,3||18,2,3||9,2,3||50,2,4||1,2,3||18,2,3||1,2,3||18,2,3||88,2,10||16,2,3||1,2,3||92,2,14||1,2,3||69,2,5||1,2,3||18,2,3||1,2,3||80,2,7||1,2,3||7,2,3||1,2,3||7,2,3||76,2,6||1,2,3||17,2,3||1,2,3||89,2,11||1,2,3||32,2,3||1,2,3||7,2,3||1,2,3||7,2,3||1,2,3||7,2,3||89,2,11||1,2,3||7,2,3||1,2,3||7,2,3||1,2,3||7,2,3||64,2,4||63,2,4||56,2,4||1,2,3||7,2,3||1,2,3||7,2,3||1,2,3||7,2,3||30,2,3||1,2,3||7,2,3||1,2,3||7,2,3||1,2,3||7,2,3||1,2,3||7,2,3||1,2,3||49,2,3||1,2,3||7,2,3||1,2,3||7,2,3||1,2,3||18,2,3||99,2,102||14,2,3||1,2,3||18,2,3||1,2,3||18,2,3||1,2,3||18,2,3||1,2,3||18,2,3||1,2,3||39,2,3||1,2,3||20,2,3||37,2,3||1,2,3||18,2,3||1,2,3||18,2,3||1,2,3||18,2,3||43,2,3||1,2,3||18,2,3||8,2,3||1,2,3||37,2,3||1,2,3||22,2,3||1,2,3||18,2,3||1,2,3||29,2,3||1,2,3||18,2,3||54,2,4||1,2,3||38,2,3||91,2,13||72,2,5||76,2,6||83,2,7||1,2,3||80,2,7||1,2,3||18,2,3||1,2,3||18,2,3||1,2,3||18,2,3||1,2,3||18,2,3||1,2,3||18,2,3||1,2,3||18,2,3||1,2,3||88,2,10||23,2,3||63,2,4||1,2,3||18,2,3||1,2,3||18,2,3||1,2,3||18,2,3||1,2,3||18,2,3||1,2,3||24,2,3||1,2,3||18,2,3||1,2,3||18,2,3||1,2,3||18,2,3||20,2,3||1,2,3||18,2,3||1,2,3||18,2,3||1,2,3||18,2,3||1,2,3||18,2,3||74,2,5||1,2,3||69,2,5||1,2,3||89,2,11||83,2,7||1,2,3||95,2,22||1,2,3||18,2,3||1,2,3||18,2,3||1,2,3||18,2,3||1,2,3||18,2,3||1,2,3||18,2,3||1,2,3||23,2,3||2,2,3||18,2,3||70,2,5||1,2,3||18,2,3||1,2,3||52,2,4||1,2,3||67,2,5||1,2,3||18,2,3||1,2,3||18,2,3||1,2,3||42,2,3||1,2,3||18,2,3||1,2,3||18,2,3||1,2,3||18,2,3||52,2,4||16,2,3||100,1,10||
27~~~77~~~18,2,3||16,2,3||1,2,3||7,2,3||1,2,3||7,2,3||1,2,3||77,1,10||
28~~~83~~~7,2,3||1,2,3||7,2,3||40,2,4||1,2,3||7,2,3||1,2,3||7,2,3||1,2,3||7,2,3||1,2,3||7,2,3||1,2,3||7,2,3||1,2,3||7,2,3||45,2,4||1,2,3||34,2,4||12,2,3||1,2,3||7,2,3||1,2,3||97,1,-19||57,1,4||20,1,2||1,1,2||7,1,2||20,1,2||2,1,2||56,1,4||93,0,-20||
29~~~97~~~45,2,3||1,2,3||73,2,6||1,2,3||73,2,6||1,2,3||73,2,6||1,2,3||73,2,6||38,2,3||1,2,3||73,2,6||1,2,3||73,2,6||1,2,3||73,2,6||1,2,3||73,2,6||1,2,3||73,2,6||1,2,3||71,2,5||1,2,3||73,2,6||1,2,3||73,2,6||67,2,5||1,2,3||73,2,6||1,2,3||73,2,6||42,2,3||1,2,3||73,2,6||1,2,3||8,2,3||1,2,3||73,2,6||1,2,3||96,2,102||1,2,3||73,2,6||1,2,3||73,2,6||1,2,3||73,2,6||1,2,3||66,2,5||1,2,3||73,2,6||1,2,3||73,2,6||1,2,3||73,2,6||1,2,3||52,2,4||1,2,3||53,2,4||1,2,3||73,2,6||1,2,3||73,2,6||1,2,3||73,2,6||1,2,3||73,2,6||1,2,3||73,2,6||1,2,3||73,2,6||1,2,3||73,2,6||1,2,3||73,2,6||1,2,3||73,2,6||1,2,3||33,2,3||76,2,6||1,2,3||73,2,6||1,2,3||61,2,4||14,2,3||1,2,3||73,2,6||1,2,3||73,2,6||1,2,3||73,2,6||1,2,3||16,2,3||39,2,3||1,2,3||12,2,3||1,2,3||63,2,4||1,2,3||73,2,6||81,2,8||1,2,3||73,2,6||1,2,3||73,2,6||1,2,3||73,2,6||1,2,3||73,2,6||40,2,3||1,2,3||73,2,6||1,2,3||73,2,6||66,2,5||1,2,3||73,2,6||1,2,3||90,2,16||1,2,3||87,2,12||1,2,3||73,2,6||1,2,3||73,2,6||1,2,3||66,2,5||6,2,3||1,2,3||73,2,6||1,2,3||73,2,6||1,2,3||73,2,6||1,2,3||73,2,6||1,2,3||73,2,6||12,2,3||1,2,3||73,2,6||1,2,3||9,2,3||1,2,3||73,2,6||1,2,3||73,2,6||13,2,3||1,2,3||27,2,3||61,2,4||1,2,3||19,2,3||1,2,3||73,2,6||1,2,3||73,2,6||1,2,3||73,2,6||1,2,3||73,2,6||1,2,3||73,2,6||1,2,3||73,2,6||2,2,3||73,2,6||50,2,4||1,2,3||73,2,6||1,2,3||73,2,6||1,2,3||73,2,6||1,2,3||70,2,5||25,2,3||1,2,3||73,2,6||1,2,3||73,2,6||1,2,3||73,2,6||1,2,3||73,2,6||1,2,3||94,2,35||1,2,3||73,2,6||1,2,3||73,2,6||1,2,3||73,2,6||1,2,3||73,2,6||1,2,3||7,2,3||1,2,3||79,2,7||1,2,3||73,2,6||42,2,3||1,2,3||39,2,3||48,2,4||1,2,3||73,2,6||1,2,3||75,2,6||99,1,-7||1,1,2||73,1,5||66,1,4||1,1,2||73,1,5||1,1,2||73,1,5||1,1,2||73,1,5||1,1,2||73,1,5||1,1,2||73,1,5||1,1,2||73,1,5||54,1,3||1,1,2||73,1,5||1,1,2||73,1,5||1,1,2||2,1,2||73,1,5||1,1,2||73,1,5||73,1,5||1,1,2||27,1,2||1,1,2||95,1,51||1,1,2||73,1,5||1,1,2||73,1,5||1,1,2||73,1,5||1,1,2||39,1,2||1,1,2||73,1,5||1,1,2||73,1,5||1,1,2||73,1,5||1,1,2||73,1,5||1,1,2||73,1,5||1,1,2||73,1,5||9,1,2||1,1,2||10,1,2||1,1,2||58,1,3||1,1,2||73,1,5||2,1,2||73,1,5||1,1,2||73,1,5||1,1,2||73,1,5||32,1,2||1,1,2||5,1,2||10,1,2||1,1,2||73,1,5||1,1,2||73,1,5||1,1,2||73,1,5||1,1,2||60,1,3||1,1,2||73,1,5||1,1,2||73,1,5||1,1,2||73,1,5||1,1,2||73,1,5||1,1,2||73,1,5||1,1,2||1,1,2||30,1,2||26,1,2||99,0,-12||
30~~~31~~~7,2,6||48,1,-22||1,1,4||7,1,5||1,1,4||20,1,10||1,1,4||7,1,5||1,1,4||7,1,5||1,1,4||97,0,-76||
31~~~8~~~14,1,-11||1,1,15||1,1,15||1,1,15||1,1,15||1,1,15||1,1,15||1,1,15||1,1,15||1,1,15||1,1,15||1,1,15||1,1,15||1,1,15||1,1,15||1,1,15||1,1,15||1,1,15||1,1,15||1,1,15||92,0,-94||
32~~~55~~~1,2,3||1,2,3||1,2,3||1,2,3||1,2,3||87,1,-37||75,0,-30||
33~~~63~~~1,2,3||1,2,3||1,2,3||1,2,3||1,2,3||13,2,4||1,2,3||89,1,-31||65,0,-12||
34~~~55~~~1,2,3||1,2,3||1,2,3||1,2,3||1,2,3||1,2,3||1,2,3||1,2,3||1,2,3||23,2,5||1,2,3||1,2,3||37,2,7||1,2,3||1,2,3||1,2,3||1,2,3||1,2,3||1,2,3||1,2,3||1,2,3||34,2,6||69,1,-19||1,1,2||38,1,6||43,1,9||1,1,2||1,1,2||1,1,2||1,1,2||1,1,2||44,1,10||1,1,2||27,1,4||1,1,2||1,1,2||1,1,2||1,1,2||1,1,2||1,1,2||1,1,2||17,1,3||1,1,2||3,1,2||12,1,3||25,1,4||1,1,2||1,1,2||1,1,2||90,0,-45||
35~~~29~~~1,2,5||1,2,5||81,1,-57||1,1,4||1,1,4||1,1,4||1,1,4||1,1,4||1,1,4||58,0,-39||
36~~~23~~~1,2,6||10,2,9||1,2,6||1,2,6||1,2,6||1,2,6||1,2,6||1,2,6||1,2,6||1,2,6||1,2,6||1,2,6||1,2,6||1,2,6||1,2,6||1,2,6||1,2,6||1,2,6||1,2,6||27,1,-9||1,1,5||1,1,5||27,0,-14||
37~~~40~~~1,2,4||1,2,4||75,1,-40||1,1,3||1,1,3||1,1,3||1,1,3||1,1,3||1,1,3||1,1,3||1,1,3||1,1,3||44,0,-14||
38~~~11~~~1,2,12||97,1,-91||1,1,11||74,0,-73||
39~~~24~~~1,2,6||1,2,6||1,2,6||1,2,6||1,2,6||4,2,7||1,2,6||1,2,6||17,2,16||1,2,6||1,2,6||1,2,6||1,2,6||1,2,6||1,2,6||1,2,6||76,1,-57||1,1,5||1,1,5||1,1,5||1,1,5||1,1,5||1,1,5||1,1,5||1,1,5||1,1,5||1,1,5||1,1,5||1,1,5||1,1,5||1,1,5||41,0,-27||
40~~~96~~~1,2,3||1,2,3||1,2,3||1,2,3||1,2,3||1,2,3||1,2,3||1,2,3||1,2,3||1,2,3||1,2,3||1,2,3||1,2,3||1,2,3||1,2,3||67,2,5||1,2,3||1,2,3||57,2,4||56,2,4||67,2,5||1,2,3||73,2,6||42,2,3||61,2,4||1,2,3||29,2,3||1,2,3||1,2,3||1,2,3||1,2,3||1,2,3||1,2,3||84,2,10||1,2,3||1,2,3||1,2,3||1,2,3||19,2,3||1,2,3||1,2,3||1,2,3||57,2,4||1,2,3||1,2,3||1,2,3||1,2,3||1,2,3||1,2,3||1,2,3||1,2,3||36,2,3||1,2,3||1,2,3||1,2,3||1,2,3||1,2,3||1,2,3||1,2,3||1,2,3||1,2,3||1,2,3||43,2,3||21,2,3||56,2,4||1,2,3||1,2,3||1,2,3||1,2,3||1,2,3||1,2,3||35,2,3||1,2,3||1,2,3||1,2,3||1,2,3||1,2,3||1,2,3||1,2,3||1,2,3||1,2,3||1,2,3||1,2,3||1,2,3||1,2,3||13,2,3||1,2,3||1,2,3||84,2,10||1,2,3||1,2,3||1,2,3||1,2,3||1,2,3||1,2,3||1,2,3||27,2,3||1,2,3||1,2,3||1,2,3||1,2,3||1,2,3||1,2,3||1,2,3||1,2,3||41,2,3||1,2,3||1,2,3||1,2,3||1,2,3||1,2,3||1,2,3||1,2,3||1,2,3||39,2,3||1,2,3||1,2,3||1,2,3||1,2,3||1,2,3||1,2,3||1,2,3||1,2,3||1,2,3||1,2,3||1,2,3||1,2,3||3,2,3||1,2,3||1,2,3||1,2,3||17,2,3||1,2,3||1,2,3||1,2,3||56,2,4||1,2,3||1,2,3||14,2,3||1,2,3||1,2,3||1,2,3||1,2,3||1,2,3||1,2,3||1,2,3||1,2,3||21,2,3||1,2,3||96,1,10||
41~~~12~~~1,2,11||1,2,11||1,2,11||1,2,11||1,2,11||1,2,11||1,2,11||1,2,11||1,2,11||1,2,11||1,2,11||1,2,11||59,1,-52||1,1,10||1,1,10||1,1,10||1,1,10||1,1,10||1,1,10||1,1,10||1,1,10||1,1,10||25,0,-23||
42~~~36~~~1,2,4||28,2,14||1,2,4||79,1,-48||1,1,3||1,1,3||84,0,-58||
43~~~87~~~1,2,3||5,2,3||1,2,3||87,1,10||
44~~~78~~~1,2,3||75,2,35||73,2,22||1,2,3||1,2,3||1,2,3||1,2,3||1,2,3||1,2,3||41,2,4||1,2,3||1,2,3||1,2,3||54,2,6||27,2,3||1,2,3||14,2,3||1,2,3||1,2,3||1,2,3||1,2,3||1,2,3||1,2,3||57,2,6||11,2,3||1,2,3||1,2,3||1,2,3||1,2,3||1,2,3||81,1,-8||1,1,2||4,1,2||1,1,2||1,1,2||1,1,2||1,1,2||1,1,2||1,1,2||1,1,2||1,1,2||1,1,2||1,1,2||1,1,2||1,1,2||1,1,2||1,1,2||1,1,2||70,1,13||1,1,2||1,1,2||74,1,26||1,1,2||1,1,2||84,0,-16||
45~~~3~~~1,2,52||1,2,52||26,1,-28||1,1,51||37,0,-44||
46~~~57~~~1,2,3||1,2,3||1,2,3||34,2,6||1,2,3||49,2,14||1,2,3||1,2,3||88,1,-36||1,1,2||82,0,-35||
47~~~19~~~1,2,7||1,2,7||44,1,-30||1,1,6||1,1,6||1,1,6||87,0,-78||
48~~~47~~~1,2,4||1,2,4||1,2,4||18,2,5||1,2,4||1,2,4||1,2,4||1,2,4||1,2,4||1,2,4||1,2,4||1,2,4||1,2,4||1,2,4||1,2,4||39,2,14||1,2,4||1,2,4||1,2,4||1,2,4||1,2,4||1,2,4||1,2,4||1,2,4||1,2,4||1,2,4||1,2,4||1,2,4||1,2,4||1,2,4||35,2,10||1,2,4||1,2,4||1,2,4||5,2,4||1,2,4||1,2,4||1,2,4||1,2,4||72,1,-30||1,1,3||1,1,3||1,1,3||1,1,3||1,1,3||1,1,3||1,1,3||1,1,3||1,1,3||96,0,-59||
49~~~10~~~50,1,-45||1,1,12||90,0,-90||
50~~~28~~~1,2,5||75,1,-52||79,0,-61||
51~~~35~~~1,2,4||1,2,4||78,1,-48||1,1,3||1,1,3||1,1,3||1,1,3||1,1,3||1,1,3||1,1,3||1,1,3||1,1,3||1,1,3||24,1,10||1,1,3||1,1,3||1,1,3||49,0,-24||
52~~~52~~~1,2,3||1,2,3||1,2,3||1,2,3||1,2,3||1,2,3||1,2,3||1,2,3||22,2,5||1,2,3||1,2,3||1,2,3||5,2,4||1,2,3||72,1,-25||1,1,2||1,1,2||1,1,2||1,1,2||1,1,2||1,1,2||1,1,2||1,1,2||3,1,3||1,1,2||1,1,2||1,1,2||1,1,2||1,1,2||31,1,5||98,0,-56||
53~~~16~~~1,2,8||5,2,11||1,2,8||1,2,8||1,2,8||1,2,8||1,2,8||1,2,8||1,2,8||35,1,-24||1,1,7||1,1,7||1,1,7||1,1,7||1,1,7||1,1,7||1,1,7||1,1,7||46,0,-40||
54~~~32~~~1,2,5||1,2,5||1,2,5||1,2,5||1,2,5||1,2,5||1,2,5||1,2,5||1,2,5||1,2,5||1,2,5||1,2,5||1,2,5||1,2,5||1,2,5||1,2,5||1,2,5||90,1,-63||1,1,4||1,1,4||1,1,4||1,1,4||1,1,4||1,1,4||1,1,4||1,1,4||1,1,4||1,1,4||93,0,-71||
55~~~92~~~1,2,3||68,2,6||1,2,3||1,2,3||71,2,6||1,2,3||1,2,3||1,2,3||1,2,3||1,2,3||1,2,3||1,2,3||1,2,3||1,2,3||1,2,3||1,2,3||1,2,3||1,2,3||1,2,3||1,2,3||78,2,9||1,2,3||1,2,3||1,2,3||1,2,3||1,2,3||4,2,3||2,2,3||1,2,3||1,2,3||1,2,3||1,2,3||1,2,3||1,2,3||1,2,3||1,2,3||1,2,3||1,2,3||1,2,3||1,2,3||1,2,3||1,2,3||98,1,-11||1,1,2||1,1,2||1,1,2||1,1,2||1,1,2||1,1,2||1,1,2||1,1,2||1,1,2||1,1,2||1,1,2||1,1,2||1,1,2||82,1,11||1,1,2||1,1,2||1,1,2||1,1,2||1,1,2||1,1,2||1,1,2||1,1,2||1,1,2||1,1,2||26,1,2||1,1,2||1,1,2||1,1,2||1,1,2||1,1,2||1,1,2||1,1,2||1,1,2||1,1,2||39,1,2||1,1,2||1,1,2||1,1,2||1,1,2||1,1,2||22,1,2||1,1,2||1,1,2||1,1,2||1,1,2||1,1,2||1,1,2||1,1,2||1,1,2||44,1,3||1,1,2||1,1,2||1,1,2||1,1,2||1,1,2||1,1,2||1,1,2||1,1,2||1,1,2||1,1,2||1,1,2||1,1,2||1,1,2||1,1,2||32,1,2||1,1,2||1,1,2||1,1,2||1,1,2||1,1,2||1,1,2||1,1,2||1,1,2||94,0,-12||
56~~~95~~~1,2,3||1,2,3||67,2,5||1,2,3||1,2,3||42,2,3||1,2,3||1,2,3||1,2,3||1,2,3||1,2,3||1,2,3||1,2,3||1,2,3||1,2,3||1,2,3||1,2,3||1,2,3||1,2,3||1,2,3||100,1,-10||1,1,2||1,1,2||1,1,2||32,1,2||1,1,2||1,1,2||1,1,2||1,1,2||1,1,2||1,1,2||1,1,2||1,1,2||1,1,2||1,1,2||1,1,2||81,1,8||1,1,2||1,1,2||1,1,2||1,1,2||1,1,2||1,1,2||1,1,2||1,1,2||1,1,2||1,1,2||1,1,2||1,1,2||1,1,2||62,1,4||1,1,2||1,1,2||1,1,2||1,1,2||1,1,2||1,1,2||1,1,2||1,1,2||1,1,2||1,1,2||1,1,2||1,1,2||1,1,2||1,1,2||1,1,2||57,1,3||1,1,2||1,1,2||1,1,2||1,1,2||1,1,2||75,1,6||1,1,2||1,1,2||74,1,5||1,1,2||1,1,2||1,1,2||1,1,2||1,1,2||84,1,10||1,1,2||1,1,2||1,1,2||1,1,2||1,1,2||18,1,2||1,1,2||1,1,2||1,1,2||1,1,2||1,1,2||1,1,2||1,1,2||1,1,2||10,1,2||1,1,2||1,1,2||1,1,2||1,1,2||1,1,2||1,1,2||1,1,2||1,1,2||1,1,2||1,1,2||1,1,2||1,1,2||1,1,2||77,1,6||24,1,2||1,1,2||1,1,2||59,1,3||1,1,2||1,1,2||1,1,2||86,1,12||1,1,2||1,1,2||1,1,2||1,1,2||40,1,2||1,1,2||1,1,2||1,1,2||1,1,2||1,1,2||1,1,2||1,1,2||1,1,2||30,1,2||1,1,2||84,1,10||1,1,2||26,1,2||10,1,2||1,1,2||1,1,2||1,1,2||1,1,2||1,1,2||1,1,2||14,1,2||1,1,2||1,1,2||1,1,2||1,1,2||1,1,2||1,1,2||1,1,2||1,1,2||40,1,2||1,1,2||1,1,2||60,1,3||62,1,4||1,1,2||1,1,2||1,1,2||1,1,2||17,1,2||1,1,2||1,1,2||1,1,2||1,1,2||1,1,2||1,1,2||1,1,2||1,1,2||1,1,2||1,1,2||1,1,2||1,1,2||1,1,2||1,1,2||1,1,2||1,1,2||1,1,2||1,1,2||67,1,4||1,1,2||1,1,2||1,1,2||1,1,2||1,1,2||1,1,2||1,1,2||1,1,2||52,1,3||1,1,2||1,1,2||1,1,2||1,1,2||1,1,2||1,1,2||1,1,2||1,1,2||1,1,2||27,1,2||1,1,2||1,1,2||1,1,2||1,1,2||1,1,2||1,1,2||1,1,2||1,1,2||13,1,2||2,1,2||1,1,2||1,1,2||1,1,2||1,1,2||1,1,2||23,1,2||1,1,2||1,1,2||1,1,2||1,1,2||1,1,2||1,1,2||1,1,2||1,1,2||1,1,2||1,1,2||1,1,2||1,1,2||1,1,2||1,1,2||1,1,2||1,1,2||1,1,2||1,1,2||1,1,2||1,1,2||1,1,2||1,1,2||1,1,2||1,1,2||1,1,2||1,1,2||1,1,2||1,1,2||45,1,3||1,1,2||1,1,2||29,1,2||1,1,2||1,1,2||1,1,2||39,1,2||1,1,2||1,1,2||1,1,2||1,1,2||1,1,2||1,1,2||1,1,2||1,1,2||1,1,2||57,1,3||1,1,2||1,1,2||3,1,2||1,1,2||1,1,2||99,0,-14||
57~~~18~~~10,2,14||1,2,7||1,2,7||1,2,7||56,1,-43||1,1,6||1,1,6||1,1,6||1,1,6||1,1,6||1,1,6||1,1,6||1,1,6||1,1,6||1,1,6||1,1,6||66,0,-58||
58~~~33~~~1,2,5||1,2,5||1,2,5||1,2,5||1,2,5||1,2,5||1,2,5||1,2,5||1,2,5||1,2,5||1,2,5||1,2,5||1,2,5||1,2,5||1,2,5||1,2,5||1,2,5||29,2,27||1,2,5||1,2,5||1,2,5||1,2,5||1,2,5||1,2,5||1,2,5||44,1,-16||1,1,4||1,1,4||97,0,-74||
59~~~23~~~1,2,6||1,2,6||1,2,6||1,2,6||1,2,6||1,2,6||1,2,6||1,2,6||1,2,6||1,2,6||97,1,-79||1,1,5||1,1,5||53,0,-40||
60~~~87~~~1,2,3||71,2,8||1,2,3||1,2,3||1,2,3||1,2,3||1,2,3||1,2,3||1,2,3||1,2,3||27,2,3||1,2,3||1,2,3||1,2,3||1,2,3||1,2,3||1,2,3||1,2,3||1,2,3||1,2,3||1,2,3||1,2,3||1,2,3||1,2,3||1,2,3||1,2,3||1,2,3||1,2,3||80,2,16||1,2,3||1,2,3||1,2,3||1,2,3||1,2,3||1,2,3||1,2,3||1,2,3||1,2,3||1,2,3||1,2,3||1,2,3||1,2,3||1,2,3||2,2,3||1,2,3||1,2,3||1,2,3||1,2,3||1,2,3||1,2,3||1,2,3||1,2,3||1,2,3||1,2,3||1,2,3||1,2,3||1,2,3||1,2,3||1,2,3||1,2,3||1,2,3||1,2,3||1,2,3||1,2,3||1,2,3||1,2,3||1,2,3||1,2,3||1,2,3||1,2,3||1,2,3||1,2,3||1,2,3||1,2,3||1,2,3||37,2,4||1,2,3||25,2,3||70,2,7||98,1,-16||1,1,2||95,0,-18||
61~~~52~~~6,2,4||1,2,3||1,2,3||1,2,3||51,2,102||1,2,3||1,2,3||66,1,-19||1,1,2||1,1,2||1,1,2||1,1,2||1,1,2||1,1,2||1,1,2||1,1,2||17,1,3||1,1,2||1,1,2||1,1,2||1,1,2||1,1,2||1,1,2||1,1,2||1,1,2||1,1,2||1,1,2||1,1,2||1,1,2||1,1,2||45,1,15||1,1,2||1,1,2||1,1,2||1,1,2||1,1,2||1,1,2||1,1,2||1,1,2||1,1,2||1,1,2||1,1,2||1,1,2||1,1,2||1,1,2||1,1,2||1,1,2||1,1,2||1,1,2||44,1,13||1,1,2||1,1,2||1,1,2||1,1,2||1,1,2||1,1,2||1,1,2||1,1,2||1,1,2||1,1,2||1,1,2||1,1,2||1,1,2||13,1,3||1,1,2||1,1,2||1,1,2||1,1,2||51,1,101||1,1,2||4,1,3||1,1,2||1,1,2||1,1,2||1,1,2||1,1,2||1,1,2||1,1,2||1,1,2||1,1,2||1,1,2||49,1,34||1,1,2||1,1,2||1,1,2||1,1,2||1,1,2||1,1,2||1,1,2||1,1,2||75,0,-33||
62~~~38~~~49,1,-16||1,1,3||1,1,3||1,1,3||1,1,3||1,1,3||25,1,8||1,1,3||1,1,3||1,1,3||1,1,3||1,1,3||1,1,3||1,1,3||1,1,3||1,1,3||1,1,3||1,1,3||1,1,3||1,1,3||1,1,3||1,1,3||1,1,3||1,1,3||1,1,3||1,1,3||1,1,3||1,1,3||65,0,-37||
63~~~10~~~1,2,13||13,1,-8||1,1,12||1,1,12||1,1,12||1,1,12||1,1,12||34,0,-34||
64~~~44~~~1,2,4||1,2,4||1,2,4||1,2,4||1,2,4||1,2,4||1,2,4||1,2,4||1,2,4||1,2,4||1,2,4||2,2,4||89,1,-50||1,1,3||1,1,3||1,1,3||1,1,3||1,1,3||1,1,3||1,1,3||1,1,3||1,1,3||1,1,3||1,1,3||1,1,3||1,1,3||17,1,4||1,1,3||1,1,3||1,1,3||1,1,3||1,1,3||1,1,3||1,1,3||1,1,3||1,1,3||1,1,3||1,1,3||1,1,3||72,0,-38||
65~~~95~~~1,2,3||1,2,3||55,2,4||1,2,3||1,2,3||1,2,3||1,2,3||1,2,3||1,2,3||1,2,3||1,2,3||1,2,3||48,2,4||1,2,3||1,2,3||1,2,3||1,2,3||1,2,3||1,2,3||1,2,3||1,2,3||1,2,3||1,2,3||1,2,3||1,2,3||1,2,3||1,2,3||64,2,5||1,2,3||1,2,3||1,2,3||1,2,3||1,2,3||1,2,3||1,2,3||33,2,3||1,2,3||1,2,3||1,2,3||1,2,3||1,2,3||1,2,3||1,2,3||1,2,3||1,2,3||1,2,3||1,2,3||1,2,3||1,2,3||1,2,3||1,2,3||1,2,3||1,2,3||1,2,3||1,2,3||89,2,18||1,2,3||39,2,3||1,2,3||1,2,3||1,2,3||1,2,3||1,2,3||1,2,3||1,2,3||1,2,3||52,2,4||1,2,3||1,2,3||1,2,3||1,2,3||1,2,3||1,2,3||36,2,3||1,2,3||1,2,3||10,2,3||1,2,3||1,2,3||1,2,3||1,2,3||1,2,3||96,1,-6||1,1,2||1,1,2||1,1,2||1,1,2||1,1,2||1,1,2||1,1,2||1,1,2||1,1,2||1,1,2||1,1,2||1,1,2||1,1,2||1,1,2||1,1,2||1,1,2||1,1,2||14,1,2||1,1,2||1,1,2||1,1,2||28,1,2||1,1,2||1,1,2||1,1,2||1,1,2||1,1,2||1,1,2||1,1,2||1,1,2||1,1,2||82,1,8||1,1,2||1,1,2||1,1,2||1,1,2||1,1,2||1,1,2||1,1,2||1,1,2||1,1,2||1,1,2||1,1,2||1,1,2||1,1,2||1,1,2||1,1,2||1,1,2||1,1,2||1,1,2||1,1,2||1,1,2||1,1,2||1,1,2||1,1,2||1,1,2||1,1,2||1,1,2||1,1,2||1,1,2||1,1,2||1,1,2||1,1,2||1,1,2||1,1,2||1,1,2||1,1,2||1,1,2||1,1,2||1,1,2||57,1,3||1,1,2||1,1,2||1,1,2||1,1,2||1,1,2||1,1,2||1,1,2||1,1,2||24,1,2||80,1,7||1,1,2||1,1,2||62,1,4||1,1,2||1,1,2||1,1,2||1,1,2||97,0,-12||
66~~~62~~~1,2,3||1,2,3||79,1,-22||38,1,5||1,1,2||1,1,2||1,1,2||1,1,2||1,1,2||1,1,2||1,1,2||1,1,2||1,1,2||1,1,2||1,1,2||68,0,-16||
67~~~38~~~1,2,4||1,2,4||1,2,4||1,2,4||1,2,4||74,1,-41||1,1,3||1,1,3||1,1,3||1,1,3||1,1,3||1,1,3||1,1,3||1,1,3||4,1,3||1,1,3||1,1,3||1,1,3||1,1,3||1,1,3||1,1,3||1,1,3||1,1,3||1,1,3||1,1,3||1,1,3||1,1,3||43,0,-15||
68~~~32~~~1,2,5||1,2,5||1,2,5||1,2,5||1,2,5||1,2,5||1,2,5||1,2,5||1,2,5||1,2,5||1,2,5||1,2,5||1,2,5||1,2,5||1,2,5||1,2,5||1,2,5||1,2,5||1,2,5||1,2,5||1,2,5||1,2,5||1,2,5||1,2,5||1,2,5||53,1,-26||1,1,4||1,1,4||1,1,4||1,1,4||1,1,4||1,1,4||1,1,4||1,1,4||1,1,4||1,1,4||1,1,4||1,1,4||1,1,4||1,1,4||1,1,4||1,1,4||1,1,4||1,1,4||1,1,4||1,1,4||1,1,4||1,1,4||1,1,4||1,1,4||1,1,4||1,1,4||1,1,4||1,1,4||1,1,4||1,1,4||1,1,4||1,1,4||1,1,4||1,1,4||1,1,4||1,1,4||1,1,4||1,1,4||1,1,4||1,1,4||1,1,4||1,1,4||1,1,4||1,1,4||1,1,4||1,1,4||1,1,4||1,1,4||1,1,4||1,1,4||57,0,-35||
69~~~93~~~56,2,4||1,2,3||1,2,3||1,2,3||1,2,3||1,2,3||1,2,3||1,2,3||1,2,3||1,2,3||1,2,3||44,2,4||1,2,3||1,2,3||1,2,3||1,2,3||1,2,3||1,2,3||1,2,3||1,2,3||1,2,3||1,2,3||1,2,3||1,2,3||1,2,3||1,2,3||1,2,3||1,2,3||1,2,3||1,2,3||1,2,3||1,2,3||1,2,3||1,2,3||1,2,3||1,2,3||1,2,3||1,2,3||1,2,3||1,2,3||1,2,3||1,2,3||1,2,3||1,2,3||1,2,3||1,2,3||1,2,3||1,2,3||1,2,3||1,2,3||1,2,3||1,2,3||1,2,3||1,2,3||1,2,3||1,2,3||1,2,3||1,2,3||1,2,3||1,2,3||1,2,3||1,2,3||1,2,3||1,2,3||1,2,3||1,2,3||1,2,3||1,2,3||1,2,3||2,2,3||1,2,3||1,2,3||1,2,3||1,2,3||1,2,3||1,2,3||1,2,3||1,2,3||1,2,3||1,2,3||1,2,3||1,2,3||1,2,3||1,2,3||1,2,3||1,2,3||1,2,3||1,2,3||1,2,3||1,2,3||1,2,3||1,2,3||1,2,3||1,2,3||1,2,3||1,2,3||1,2,3||1,2,3||1,2,3||1,2,3||1,2,3||58,2,4||1,2,3||1,2,3||1,2,3||1,2,3||1,2,3||1,2,3||1,2,3||1,2,3||1,2,3||1,2,3||1,2,3||1,2,3||1,2,3||1,2,3||1,2,3||1,2,3||1,2,3||1,2,3||1,2,3||1,2,3||1,2,3||1,2,3||1,2,3||1,2,3||1,2,3||1,2,3||11,2,3||1,2,3||1,2,3||1,2,3||1,2,3||1,2,3||1,2,3||1,2,3||1,2,3||1,2,3||1,2,3||1,2,3||1,2,3||1,2,3||1,2,3||1,2,3||1,2,3||1,2,3||1,2,3||1,2,3||1,2,3||1,2,3||84,2,13||1,2,3||1,2,3||1,2,3||1,2,3||1,2,3||1,2,3||1,2,3||1,2,3||1,2,3||1,2,3||1,2,3||1,2,3||1,2,3||1,2,3||1,2,3||1,2,3||1,2,3||1,2,3||1,2,3||1,2,3||1,2,3||1,2,3||1,2,3||1,2,3||1,2,3||1,2,3||1,2,3||1,2,3||1,2,3||1,2,3||1,2,3||1,2,3||1,2,3||1,2,3||1,2,3||1,2,3||1,2,3||1,2,3||1,2,3||1,2,3||1,2,3||1,2,3||1,2,3||1,2,3||1,2,3||1,2,3||1,2,3||1,2,3||1,2,3||1,2,3||1,2,3||1,2,3||1,2,3||1,2,3||1,2,3||1,2,3||1,2,3||1,2,3||1,2,3||1,2,3||1,2,3||1,2,3||1,2,3||1,2,3||1,2,3||1,2,3||1,2,3||1,2,3||1,2,3||1,2,3||1,2,3||1,2,3||1,2,3||1,2,3||1,2,3||1,2,3||1,2,3||1,2,3||1,2,3||1,2,3||1,2,3||1,2,3||1,2,3||1,2,3||1,2,3||1,2,3||1,2,3||1,2,3||1,2,3||1,2,3||1,2,3||1,2,3||1,2,3||1,2,3||1,2,3||1,2,3||1,2,3||1,2,3||1,2,3||1,2,3||1,2,3||1,2,3||1,2,3||1,2,3||1,2,3||1,2,3||1,2,3||1,2,3||1,2,3||1,2,3||1,2,3||1,2,3||1,2,3||1,2,3||1,2,3||1,2,3||1,2,3||1,2,3||1,2,3||1,2,3||1,2,3||1,2,3||1,2,3||1,2,3||1,2,3||1,2,3||1,2,3||1,2,3||39,2,3||1,2,3||1,2,3||1,2,3||1,2,3||1,2,3||1,2,3||64,2,5||1,2,3||28,2,3||1,2,3||1,2,3||1,2,3||1,2,3||1,2,3||1,2,3||1,2,3||37,2,3||1,2,3||1,2,3||1,2,3||1,2,3||1,2,3||1,2,3||1,2,3||1,2,3||1,2,3||1,2,3||1,2,3||1,2,3||1,2,3||1,2,3||1,2,3||1,2,3||1,2,3||1,2,3||1,2,3||1,2,3||1,2,3||1,2,3||1,2,3||1,2,3||1,2,3||1,2,3||1,2,3||1,2,3||1,2,3||1,2,3||1,2,3||1,2,3||1,2,3||1,2,3||1,2,3||1,2,3||1,2,3||1,2,3||1,2,3||42,2,3||1,2,3||1,2,3||1,2,3||1,2,3||1,2,3||1,2,3||1,2,3||1,2,3||1,2,3||1,2,3||1,2,3||1,2,3||1,2,3||1,2,3||1,2,3||1,2,3||1,2,3||88,2,22||1,2,3||1,2,3||1,2,3||1,2,3||1,2,3||1,2,3||1,2,3||1,2,3||1,2,3||1,2,3||1,2,3||1,2,3||1,2,3||1,2,3||1,2,3||1,2,3||1,2,3||1,2,3||1,2,3||1,2,3||1,2,3||1,2,3||1,2,3||1,2,3||1,2,3||1,2,3||1,2,3||1,2,3||1,2,3||50,2,4||1,2,3||1,2,3||1,2,3||1,2,3||1,2,3||1,2,3||1,2,3||1,2,3||1,2,3||1,2,3||1,2,3||1,2,3||1,2,3||1,2,3||1,2,3||1,2,3||1,2,3||66,2,5||1,2,3||1,2,3||1,2,3||1,2,3||1,2,3||1,2,3||1,2,3||1,2,3||1,2,3||1,2,3||1,2,3||1,2,3||1,2,3||1,2,3||1,2,3||1,2,3||1,2,3||80,2,9||1,2,3||1,2,3||1,2,3||1,2,3||1,2,3||1,2,3||1,2,3||1,2,3||1,2,3||1,2,3||1,2,3||1,2,3||1,2,3||1,2,3||1,2,3||1,2,3||1,2,3||1,2,3||1,2,3||1,2,3||1,2,3||1,2,3||1,2,3||1,2,3||1,2,3||1,2,3||1,2,3||1,2,3||1,2,3||1,2,3||1,2,3||1,2,3||1,2,3||1,2,3||1,2,3||1,2,3||1,2,3||1,2,3||1,2,3||1,2,3||1,2,3||1,2,3||1,2,3||1,2,3||1,2,3||1,2,3||1,2,3||1,2,3||1,2,3||1,2,3||1,2,3||1,2,3||1,2,3||1,2,3||1,2,3||1,2,3||1,2,3||1,2,3||1,2,3||1,2,3||1,2,3||1,2,3||1,2,3||23,2,3||1,2,3||7,2,3||1,2,3||1,2,3||1,2,3||1,2,3||1,2,3||1,2,3||1,2,3||1,2,3||1,2,3||1,2,3||1,2,3||1,2,3||1,2,3||1,2,3||1,2,3||1,2,3||1,2,3||1,2,3||1,2,3||1,2,3||1,2,3||1,2,3||1,2,3||1,2,3||1,2,3||1,2,3||1,2,3||36,2,3||1,2,3||1,2,3||5,2,3||1,2,3||1,2,3||1,2,3||1,2,3||1,2,3||1,2,3||47,2,4||1,2,3||81,2,10||1,2,3||1,2,3||1,2,3||1,2,3||17,2,3||1,2,3||1,2,3||1,2,3||1,2,3||1,2,3||1,2,3||91,2,52||1,2,3||1,2,3||1,2,3||1,2,3||1,2,3||1,2,3||1,2,3||1,2,3||1,2,3||1,2,3||1,2,3||1,2,3||1,2,3||1,2,3||45,2,4||1,2,3||1,2,3||1,2,3||1,2,3||73,2,7||1,2,3||1,2,3||1,2,3||1,2,3||1,2,3||1,2,3||1,2,3||1,2,3||1,2,3||1,2,3||1,2,3||1,2,3||1,2,3||1,2,3||1,2,3||1,2,3||1,2,3||1,2,3||1,2,3||1,2,3||1,2,3||1,2,3||1,2,3||1,2,3||1,2,3||1,2,3||1,2,3||1,2,3||1,2,3||13,2,3||1,2,3||1,2,3||1,2,3||1,2,3||1,2,3||1,2,3||1,2,3||1,2,3||1,2,3||1,2,3||1,2,3||1,2,3||1,2,3||1,2,3||1,2,3||92,2,102||1,2,3||1,2,3||1,2,3||1,2,3||1,2,3||1,2,3||1,2,3||1,2,3||1,2,3||1,2,3||1,2,3||1,2,3||1,2,3||1,2,3||1,2,3||1,2,3||1,2,3||1,2,3||1,2,3||1,2,3||1,2,3||1,2,3||1,2,3||1,2,3||1,2,3||1,2,3||1,2,3||1,2,3||1,2,3||1,2,3||1,2,3||1,2,3||1,2,3||1,2,3||1,2,3||1,2,3||1,2,3||1,2,3||1,2,3||1,2,3||1,2,3||1,2,3||60,2,5||1,2,3||1,2,3||1,2,3||1,2,3||1,2,3||1,2,3||1,2,3||65,2,5||1,2,3||1,2,3||1,2,3||1,2,3||1,2,3||1,2,3||1,2,3||1,2,3||1,2,3||1,2,3||1,2,3||1,2,3||1,2,3||1,2,3||1,2,3||1,2,3||1,2,3||1,2,3||1,2,3||1,2,3||1,2,3||1,2,3||1,2,3||1,2,3||1,2,3||1,2,3||1,2,3||1,2,3||1,2,3||1,2,3||1,2,3||1,2,3||1,2,3||1,2,3||1,2,3||1,2,3||1,2,3||27,2,3||34,2,3||1,2,3||1,2,3||1,2,3||1,2,3||1,2,3||1,2,3||1,2,3||1,2,3||1,2,3||1,2,3||1,2,3||1,2,3||1,2,3||1,2,3||1,2,3||1,2,3||1,2,3||1,2,3||1,2,3||1,2,3||1,2,3||1,2,3||1,2,3||1,2,3||1,2,3||1,2,3||1,2,3||1,2,3||1,2,3||1,2,3||15,2,3||1,2,3||1,2,3||1,2,3||1,2,3||1,2,3||1,2,3||1,2,3||1,2,3||1,2,3||1,2,3||1,2,3||1,2,3||1,2,3||16,2,3||1,2,3||1,2,3||1,2,3||1,2,3||1,2,3||1,2,3||1,2,3||1,2,3||1,2,3||1,2,3||1,2,3||1,2,3||1,2,3||1,2,3||1,2,3||1,2,3||1,2,3||1,2,3||1,2,3||1,2,3||1,2,3||1,2,3||1,2,3||1,2,3||1,2,3||1,2,3||1,2,3||1,2,3||1,2,3||1,2,3||1,2,3||1,2,3||1,2,3||1,2,3||1,2,3||1,2,3||18,2,3||1,2,3||1,2,3||1,2,3||1,2,3||1,2,3||1,2,3||1,2,3||1,2,3||1,2,3||1,2,3||1,2,3||1,2,3||1,2,3||1,2,3||1,2,3||1,2,3||1,2,3||1,2,3||1,2,3||1,2,3||1,2,3||1,2,3||1,2,3||29,2,3||1,2,3||1,2,3||1,2,3||1,2,3||1,2,3||1,2,3||1,2,3||1,2,3||1,2,3||1,2,3||1,2,3||20,2,3||1,2,3||1,2,3||1,2,3||1,2,3||1,2,3||1,2,3||1,2,3||1,2,3||1,2,3||1,2,3||1,2,3||1,2,3||1,2,3||1,2,3||1,2,3||1,2,3||1,2,3||1,2,3||1,2,3||1,2,3||57,2,4||1,2,3||1,2,3||1,2,3||1,2,3||1,2,3||1,2,3||1,2,3||1,2,3||1,2,3||1,2,3||1,2,3||1,2,3||1,2,3||1,2,3||1,2,3||1,2,3||1,2,3||1,2,3||1,2,3||1,2,3||1,2,3||1,2,3||1,2,3||1,2,3||1,2,3||1,2,3||1,2,3||1,2,3||1,2,3||1,2,3||1,2,3||1,2,3||1,2,3||1,2,3||1,2,3||1,2,3||1,2,3||1,2,3||1,2,3||1,2,3||1,2,3||1,2,3||1,2,3||1,2,3||1,2,3||1,2,3||1,2,3||1,2,3||1,2,3||1,2,3||1,2,3||1,2,3||1,2,3||1,2,3||1,2,3||1,2,3||1,2,3||1,2,3||1,2,3||1,2,3||1,2,3||87,2,18||1,2,3||1,2,3||1,2,3||1,2,3||1,2,3||1,2,3||1,2,3||1,2,3||1,2,3||1,2,3||1,2,3||48,2,4||1,2,3||1,2,3||1,2,3||1,2,3||1,2,3||1,2,3||1,2,3||1,2,3||1,2,3||1,2,3||1,2,3||1,2,3||1,2,3||1,2,3||1,2,3||1,2,3||1,2,3||1,2,3||1,2,3||1,2,3||1,2,3||1,2,3||1,2,3||1,2,3||1,2,3||1,2,3||1,2,3||1,2,3||1,2,3||1,2,3||1,2,3||1,2,3||1,2,3||1,2,3||1,2,3||1,2,3||1,2,3||1,2,3||36,2,3||1,2,3||1,2,3||1,2,3||1,2,3||1,2,3||1,2,3||1,2,3||1,2,3||1,2,3||1,2,3||1,2,3||1,2,3||1,2,3||1,2,3||1,2,3||1,2,3||1,2,3||1,2,3||1,2,3||1,2,3||1,2,3||1,2,3||1,2,3||1,2,3||1,2,3||1,2,3||1,2,3||1,2,3||1,2,3||1,2,3||1,2,3||1,2,3||1,2,3||1,2,3||1,2,3||1,2,3||1,2,3||34,2,3||1,2,3||1,2,3||1,2,3||1,2,3||1,2,3||1,2,3||1,2,3||1,2,3||1,2,3||1,2,3||1,2,3||1,2,3||1,2,3||1,2,3||1,2,3||1,2,3||1,2,3||1,2,3||1,2,3||1,2,3||1,2,3||1,2,3||1,2,3||1,2,3||1,2,3||1,2,3||1,2,3||1,2,3||1,2,3||1,2,3||1,2,3||1,2,3||1,2,3||1,2,3||1,2,3||1,2,3||1,2,3||1,2,3||1,2,3||1,2,3||1,2,3||1,2,3||1,2,3||29,2,3||1,2,3||1,2,3||1,2,3||1,2,3||1,2,3||1,2,3||1,2,3||1,2,3||1,2,3||1,2,3||1,2,3||1,2,3||1,2,3||1,2,3||1,2,3||37,2,3||1,2,3||1,2,3||1,2,3||1,2,3||1,2,3||1,2,3||29,2,3||1,2,3||1,2,3||1,2,3||1,2,3||1,2,3||1,2,3||1,2,3||1,2,3||10,2,3||1,2,3||1,2,3||1,2,3||91,2,52||1,2,3||1,2,3||1,2,3||1,2,3||1,2,3||1,2,3||1,2,3||1,2,3||1,2,3||1,2,3||1,2,3||1,2,3||1,2,3||1,2,3||1,2,3||1,2,3||1,2,3||1,2,3||1,2,3||1,2,3||1,2,3||1,2,3||1,2,3||1,2,3||1,2,3||1,2,3||1,2,3||1,2,3||1,2,3||1,2,3||1,2,3||1,2,3||1,2,3||1,2,3||1,2,3||1,2,3||1,2,3||1,2,3||1,2,3||1,2,3||1,2,3||1,2,3||1,2,3||1,2,3||1,2,3||1,2,3||1,2,3||1,2,3||1,2,3||1,2,3||1,2,3||1,2,3||97,1,-9||1,1,2||1,1,2||1,1,2||1,1,2||1,1,2||1,1,2||1,1,2||1,1,2||1,1,2||1,1,2||1,1,2||1,1,2||1,1,2||1,1,2||1,1,2||1,1,2||55,1,3||1,1,2||1,1,2||1,1,2||60,1,4||1,1,2||1,1,2||1,1,2||1,1,2||1,1,2||1,1,2||1,1,2||1,1,2||1,1,2||1,1,2||1,1,2||1,1,2||1,1,2||1,1,2||1,1,2||1,1,2||1,1,2||1,1,2||1,1,2||1,1,2||1,1,2||1,1,2||1,1,2||1,1,2||1,1,2||1,1,2||1,1,2||1,1,2||1,1,2||1,1,2||1,1,2||1,1,2||1,1,2||1,1,2||1,1,2||1,1,2||1,1,2||1,1,2||1,1,2||1,1,2||1,1,2||1,1,2||1,1,2||1,1,2||1,1,2||1,1,2||1,1,2||1,1,2||47,1,3||1,1,2||4,1,2||1,1,2||1,1,2||1,1,2||1,1,2||1,1,2||1,1,2||1,1,2||1,1,2||1,1,2||1,1,2||1,1,2||1,1,2||1,1,2||1,1,2||1,1,2||82,1,10||1,1,2||1,1,2||1,1,2||1,1,2||1,1,2||1,1,2||1,1,2||1,1,2||1,1,2||1,1,2||1,1,2||1,1,2||1,1,2||1,1,2||1,1,2||1,1,2||1,1,2||1,1,2||1,1,2||1,1,2||96,0,-13||
70~~~98~~~1,2,3||1,2,3||1,2,3||1,2,3||1,2,3||1,2,3||1,2,3||1,2,3||1,2,3||1,2,3||1,2,3||1,2,3||1,2,3||1,2,3||1,2,3||1,2,3||1,2,3||1,2,3||1,2,3||1,2,3||1,2,3||1,2,3||1,2,3||19,2,3||1,2,3||1,2,3||1,2,3||1,2,3||1,2,3||1,2,3||1,2,3||1,2,3||1,2,3||1,2,3||98,1,10||
71~~~98~~~1,2,3||1,2,3||1,2,3||1,2,3||1,2,3||1,2,3||1,2,3||1,2,3||1,2,3||1,2,3||1,2,3||1,2,3||1,2,3||1,2,3||1,2,3||1,2,3||1,2,3||1,2,3||1,2,3||1,2,3||1,2,3||1,2,3||1,2,3||1,2,3||1,2,3||1,2,3||1,2,3||1,2,3||1,2,3||1,2,3||1,2,3||1,2,3||1,2,3||1,2,3||1,2,3||1,2,3||1,2,3||1,2,3||1,2,3||1,2,3||1,2,3||1,2,3||28,2,3||81,2,7||1,2,3||1,2,3||1,2,3||1,2,3||1,2,3||1,2,3||1,2,3||1,2,3||1,2,3||1,2,3||1,2,3||1,2,3||1,2,3||1,2,3||1,2,3||1,2,3||45,2,3||1,2,3||1,2,3||1,2,3||1,2,3||1,2,3||1,2,3||1,2,3||1,2,3||1,2,3||1,2,3||1,2,3||1,2,3||1,2,3||1,2,3||1,2,3||1,2,3||1,2,3||1,2,3||1,2,3||1,2,3||1,2,3||1,2,3||1,2,3||1,2,3||1,2,3||1,2,3||1,2,3||1,2,3||1,2,3||1,2,3||1,2,3||1,2,3||1,2,3||1,2,3||1,2,3||1,2,3||1,2,3||1,2,3||1,2,3||1,2,3||1,2,3||1,2,3||1,2,3||1,2,3||1,2,3||1,2,3||1,2,3||1,2,3||1,2,3||1,2,3||1,2,3||1,2,3||1,2,3||1,2,3||1,2,3||1,2,3||1,2,3||1,2,3||1,2,3||1,2,3||1,2,3||1,2,3||1,2,3||1,2,3||1,2,3||1,2,3||1,2,3||1,2,3||1,2,3||1,2,3||1,2,3||1,2,3||1,2,3||1,2,3||1,2,3||1,2,3||1,2,3||1,2,3||1,2,3||1,2,3||1,2,3||1,2,3||1,2,3||1,2,3||1,2,3||1,2,3||1,2,3||1,2,3||1,2,3||1,2,3||1,2,3||1,2,3||1,2,3||1,2,3||1,2,3||1,2,3||1,2,3||1,2,3||1,2,3||1,2,3||1,2,3||1,2,3||1,2,3||1,2,3||1,2,3||1,2,3||1,2,3||1,2,3||1,2,3||1,2,3||1,2,3||1,2,3||1,2,3||1,2,3||1,2,3||1,2,3||1,2,3||1,2,3||1,2,3||1,2,3||1,2,3||1,2,3||1,2,3||1,2,3||1,2,3||1,2,3||1,2,3||1,2,3||1,2,3||1,2,3||1,2,3||1,2,3||1,2,3||1,2,3||1,2,3||1,2,3||1,2,3||1,2,3||1,2,3||1,2,3||1,2,3||1,2,3||1,2,3||1,2,3||1,2,3||1,2,3||1,2,3||1,2,3||1,2,3||1,2,3||1,2,3||1,2,3||1,2,3||1,2,3||1,2,3||1,2,3||1,2,3||1,2,3||1,2,3||1,2,3||1,2,3||1,2,3||1,2,3||1,2,3||1,2,3||1,2,3||1,2,3||10,2,3||1,2,3||1,2,3||1,2,3||1,2,3||1,2,3||1,2,3||1,2,3||1,2,3||1,2,3||1,2,3||1,2,3||1,2,3||1,2,3||1,2,3||1,2,3||1,2,3||1,2,3||1,2,3||1,2,3||1,2,3||1,2,3||1,2,3||1,2,3||1,2,3||1,2,3||1,2,3||1,2,3||1,2,3||1,2,3||1,2,3||1,2,3||90,2,14||1,2,3||1,2,3||1,2,3||1,2,3||1,2,3||1,2,3||1,2,3||1,2,3||1,2,3||49,2,4||1,2,3||1,2,3||1,2,3||1,2,3||1,2,3||1,2,3||1,2,3||1,2,3||1,2,3||1,2,3||1,2,3||1,2,3||1,2,3||1,2,3||1,2,3||1,2,3||1,2,3||1,2,3||1,2,3||1,2,3||1,2,3||1,2,3||1,2,3||1,2,3||1,2,3||1,2,3||1,2,3||1,2,3||1,2,3||1,2,3||1,2,3||1,2,3||1,2,3||1,2,3||1,2,3||1,2,3||1,2,3||1,2,3||1,2,3||1,2,3||1,2,3||1,2,3||1,2,3||1,2,3||1,2,3||1,2,3||1,2,3||1,2,3||75,2,6||1,2,3||1,2,3||1,2,3||51,2,4||1,2,3||1,2,3||13,2,3||1,2,3||52,2,4||1,2,3||1,2,3||1,2,3||1,2,3||1,2,3||1,2,3||1,2,3||1,2,3||1,2,3||1,2,3||1,2,3||1,2,3||1,2,3||1,2,3||1,2,3||1,2,3||23,2,3||1,2,3||1,2,3||1,2,3||1,2,3||1,2,3||1,2,3||1,2,3||100,1,-7||1,1,2||1,1,2||1,1,2||1,1,2||35,1,2||72,1,4||1,1,2||1,1,2||1,1,2||1,1,2||1,1,2||1,1,2||1,1,2||1,1,2||1,1,2||1,1,2||1,1,2||1,1,2||1,1,2||1,1,2||4,1,2||1,1,2||1,1,2||1,1,2||1,1,2||1,1,2||1,1,2||1,1,2||1,1,2||1,1,2||1,1,2||1,1,2||1,1,2||1,1,2||1,1,2||1,1,2||1,1,2||1,1,2||22,1,2||1,1,2||1,1,2||1,1,2||1,1,2||1,1,2||1,1,2||1,1,2||1,1,2||1,1,2||1,1,2||1,1,2||1,1,2||1,1,2||1,1,2||1,1,2||1,1,2||1,1,2||1,1,2||1,1,2||1,1,2||1,1,2||1,1,2||90,1,13||1,1,2||1,1,2||1,1,2||1,1,2||1,1,2||1,1,2||1,1,2||1,1,2||1,1,2||1,1,2||1,1,2||1,1,2||1,1,2||1,1,2||1,1,2||1,1,2||1,1,2||1,1,2||1,1,2||1,1,2||1,1,2||1,1,2||1,1,2||1,1,2||1,1,2||1,1,2||1,1,2||1,1,2||1,1,2||1,1,2||1,1,2||1,1,2||1,1,2||1,1,2||1,1,2||1,1,2||100,0,-12||
72~~~48~~~1,2,4||1,2,4||1,2,4||1,2,4||1,2,4||1,2,4||1,2,4||1,2,4||1,2,4||1,2,4||1,2,4||1,2,4||1,2,4||1,2,4||1,2,4||1,2,4||78,1,-35||1,1,3||1,1,3||1,1,3||1,1,3||1,1,3||1,1,3||1,1,3||1,1,3||65,0,-27||
73~~~80~~~1,2,3||1,2,3||1,2,3||1,2,3||1,2,3||1,2,3||1,2,3||1,2,3||1,2,3||1,2,3||1,2,3||1,2,3||1,2,3||1,2,3||1,2,3||1,2,3||1,2,3||1,2,3||1,2,3||1,2,3||1,2,3||1,2,3||1,2,3||1,2,3||1,2,3||1,2,3||1,2,3||1,2,3||1,2,3||1,2,3||1,2,3||1,2,3||1,2,3||1,2,3||1,2,3||1,2,3||1,2,3||1,2,3||1,2,3||1,2,3||1,2,3||1,2,3||1,2,3||1,2,3||1,2,3||1,2,3||1,2,3||1,2,3||1,2,3||1,2,3||1,2,3||1,2,3||1,2,3||1,2,3||1,2,3||1,2,3||1,2,3||1,2,3||1,2,3||1,2,3||1,2,3||1,2,3||1,2,3||1,2,3||1,2,3||1,2,3||1,2,3||1,2,3||1,2,3||24,2,3||1,2,3||1,2,3||1,2,3||1,2,3||1,2,3||1,2,3||1,2,3||1,2,3||1,2,3||1,2,3||1,2,3||1,2,3||1,2,3||1,2,3||1,2,3||1,2,3||1,2,3||1,2,3||1,2,3||1,2,3||1,2,3||1,2,3||1,2,3||1,2,3||1,2,3||1,2,3||1,2,3||1,2,3||1,2,3||1,2,3||1,2,3||1,2,3||1,2,3||1,2,3||1,2,3||1,2,3||1,2,3||1,2,3||1,2,3||1,2,3||1,2,3||1,2,3||1,2,3||1,2,3||1,2,3||1,2,3||1,2,3||1,2,3||1,2,3||1,2,3||1,2,3||1,2,3||1,2,3||1,2,3||1,2,3||1,2,3||1,2,3||1,2,3||1,2,3||1,2,3||1,2,3||1,2,3||1,2,3||37,2,4||1,2,3||1,2,3||1,2,3||1,2,3||1,2,3||1,2,3||1,2,3||1,2,3||1,2,3||1,2,3||1,2,3||1,2,3||1,2,3||1,2,3||1,2,3||1,2,3||1,2,3||1,2,3||1,2,3||1,2,3||1,2,3||1,2,3||1,2,3||1,2,3||1,2,3||1,2,3||1,2,3||1,2,3||1,2,3||1,2,3||1,2,3||1,2,3||1,2,3||1,2,3||1,2,3||1,2,3||1,2,3||1,2,3||1,2,3||1,2,3||1,2,3||1,2,3||1,2,3||1,2,3||1,2,3||1,2,3||1,2,3||1,2,3||1,2,3||1,2,3||1,2,3||1,2,3||1,2,3||1,2,3||1,2,3||1,2,3||1,2,3||1,2,3||1,2,3||1,2,3||1,2,3||1,2,3||1,2,3||1,2,3||1,2,3||1,2,3||1,2,3||1,2,3||1,2,3||1,2,3||78,2,52||1,2,3||1,2,3||1,2,3||1,2,3||1,2,3||1,2,3||1,2,3||1,2,3||1,2,3||1,2,3||1,2,3||1,2,3||1,2,3||1,2,3||1,2,3||1,2,3||1,2,3||1,2,3||1,2,3||1,2,3||1,2,3||1,2,3||1,2,3||1,2,3||1,2,3||1,2,3||1,2,3||1,2,3||1,2,3||1,2,3||1,2,3||1,2,3||1,2,3||1,2,3||1,2,3||1,2,3||1,2,3||1,2,3||1,2,3||1,2,3||1,2,3||1,2,3||1,2,3||1,2,3||1,2,3||1,2,3||1,2,3||1,2,3||1,2,3||1,2,3||1,2,3||1,2,3||1,2,3||1,2,3||1,2,3||1,2,3||1,2,3||1,2,3||1,2,3||1,2,3||1,2,3||1,2,3||1,2,3||67,2,9||1,2,3||1,2,3||1,2,3||1,2,3||1,2,3||1,2,3||1,2,3||1,2,3||1,2,3||1,2,3||1,2,3||1,2,3||1,2,3||1,2,3||1,2,3||1,2,3||1,2,3||1,2,3||1,2,3||1,2,3||1,2,3||1,2,3||1,2,3||1,2,3||1,2,3||1,2,3||1,2,3||1,2,3||1,2,3||1,2,3||1,2,3||1,2,3||1,2,3||1,2,3||1,2,3||1,2,3||1,2,3||1,2,3||1,2,3||1,2,3||1,2,3||1,2,3||1,2,3||1,2,3||1,2,3||1,2,3||1,2,3||1,2,3||1,2,3||1,2,3||1,2,3||1,2,3||1,2,3||1,2,3||1,2,3||1,2,3||1,2,3||1,2,3||1,2,3||1,2,3||1,2,3||1,2,3||1,2,3||1,2,3||1,2,3||1,2,3||1,2,3||1,2,3||1,2,3||97,1,-22||1,1,2||1,1,2||1,1,2||1,1,2||1,1,2||4,1,2||1,1,2||1,1,2||1,1,2||1,1,2||1,1,2||1,1,2||1,1,2||1,1,2||1,1,2||1,1,2||39,1,3||1,1,2||1,1,2||1,1,2||1,1,2||1,1,2||1,1,2||1,1,2||1,1,2||1,1,2||1,1,2||1,1,2||1,1,2||1,1,2||1,1,2||1,1,2||1,1,2||1,1,2||1,1,2||1,1,2||1,1,2||1,1,2||1,1,2||1,1,2||1,1,2||1,1,2||1,1,2||1,1,2||1,1,2||1,1,2||1,1,2||1,1,2||1,1,2||1,1,2||1,1,2||1,1,2||1,1,2||1,1,2||1,1,2||1,1,2||1,1,2||1,1,2||10,1,2||1,1,2||1,1,2||1,1,2||1,1,2||1,1,2||1,1,2||1,1,2||1,1,2||1,1,2||1,1,2||1,1,2||1,1,2||1,1,2||1,1,2||1,1,2||1,1,2||1,1,2||1,1,2||1,1,2||1,1,2||1,1,2||1,1,2||1,1,2||1,1,2||1,1,2||1,1,2||1,1,2||1,1,2||1,1,2||1,1,2||1,1,2||1,1,2||1,1,2||1,1,2||1,1,2||1,1,2||1,1,2||1,1,2||1,1,2||1,1,2||1,1,2||1,1,2||1,1,2||1,1,2||86,0,-16||
74~~~12~~~1,2,11||1,2,11||1,2,11||1,2,11||1,2,11||1,2,11||1,2,11||1,2,11||1,2,11||53,1,-46||1,1,10||1,1,10||1,1,10||1,1,10||1,1,10||1,1,10||1,1,10||1,1,10||1,1,10||1,1,10||1,1,10||1,1,10||1,1,10||1,1,10||1,1,10||1,1,10||1,1,10||1,1,10||1,1,10||1,1,10||1,1,10||1,1,10||1,1,10||1,1,10||1,1,10||1,1,10||1,1,10||1,1,10||1,1,10||1,1,10||1,1,10||1,1,10||1,1,10||54,0,-52||
75~~~78~~~1,2,3||1,2,3||1,2,3||1,2,3||1,2,3||1,2,3||1,2,3||1,2,3||1,2,3||1,2,3||1,2,3||1,2,3||1,2,3||1,2,3||1,2,3||1,2,3||1,2,3||1,2,3||1,2,3||1,2,3||1,2,3||1,2,3||49,2,5||1,2,3||1,2,3||1,2,3||1,2,3||1,2,3||1,2,3||1,2,3||1,2,3||1,2,3||1,2,3||20,2,3||1,2,3||1,2,3||1,2,3||1,2,3||1,2,3||1,2,3||1,2,3||1,2,3||1,2,3||1,2,3||1,2,3||1,2,3||1,2,3||1,2,3||1,2,3||1,2,3||1,2,3||1,2,3||1,2,3||1,2,3||1,2,3||1,2,3||1,2,3||1,2,3||1,2,3||1,2,3||1,2,3||1,2,3||1,2,3||1,2,3||53,2,6||1,2,3||1,2,3||1,2,3||1,2,3||1,2,3||44,2,4||64,2,9||1,2,3||1,2,3||1,2,3||1,2,3||1,2,3||1,2,3||1,2,3||1,2,3||1,2,3||1,2,3||1,2,3||1,2,3||1,2,3||1,2,3||1,2,3||1,2,3||1,2,3||67,2,11||1,2,3||1,2,3||1,2,3||1,2,3||1,2,3||1,2,3||1,2,3||1,2,3||1,2,3||1,2,3||1,2,3||1,2,3||1,2,3||1,2,3||1,2,3||1,2,3||1,2,3||1,2,3||1,2,3||1,2,3||1,2,3||1,2,3||1,2,3||1,2,3||1,2,3||1,2,3||1,2,3||1,2,3||1,2,3||1,2,3||1,2,3||1,2,3||1,2,3||1,2,3||1,2,3||1,2,3||1,2,3||1,2,3||1,2,3||1,2,3||1,2,3||1,2,3||1,2,3||1,2,3||1,2,3||1,2,3||1,2,3||1,2,3||1,2,3||89,1,-16||52,1,4||1,1,2||1,1,2||1,1,2||49,1,4||1,1,2||1,1,2||1,1,2||1,1,2||1,1,2||1,1,2||1,1,2||39,1,3||1,1,2||1,1,2||1,1,2||1,1,2||1,1,2||1,1,2||1,1,2||1,1,2||1,1,2||1,1,2||1,1,2||1,1,2||1,1,2||1,1,2||1,1,2||1,1,2||1,1,2||1,1,2||1,1,2||1,1,2||1,1,2||1,1,2||1,1,2||1,1,2||1,1,2||1,1,2||1,1,2||1,1,2||1,1,2||1,1,2||1,1,2||1,1,2||1,1,2||1,1,2||1,1,2||1,1,2||1,1,2||1,1,2||1,1,2||1,1,2||1,1,2||1,1,2||1,1,2||1,1,2||1,1,2||1,1,2||1,1,2||1,1,2||1,1,2||1,1,2||1,1,2||1,1,2||1,1,2||1,1,2||1,1,2||1,1,2||1,1,2||1,1,2||1,1,2||52,1,4||1,1,2||1,1,2||1,1,2||1,1,2||1,1,2||1,1,2||1,1,2||1,1,2||1,1,2||1,1,2||1,1,2||1,1,2||1,1,2||1,1,2||1,1,2||1,1,2||1,1,2||1,1,2||1,1,2||1,1,2||1,1,2||1,1,2||1,1,2||1,1,2||77,1,101||77,1,101||1,1,2||1,1,2||1,1,2||1,1,2||26,1,2||1,1,2||1,1,2||1,1,2||1,1,2||1,1,2||1,1,2||1,1,2||3,1,2||1,1,2||1,1,2||1,1,2||1,1,2||1,1,2||1,1,2||1,1,2||1,1,2||1,1,2||1,1,2||1,1,2||1,1,2||1,1,2||1,1,2||1,1,2||1,1,2||1,1,2||1,1,2||1,1,2||1,1,2||1,1,2||1,1,2||1,1,2||1,1,2||1,1,2||1,1,2||1,1,2||71,1,15||1,1,2||1,1,2||1,1,2||1,1,2||1,1,2||1,1,2||1,1,2||1,1,2||1,1,2||1,1,2||1,1,2||1,1,2||1,1,2||1,1,2||1,1,2||1,1,2||1,1,2||1,1,2||1,1,2||1,1,2||1,1,2||1,1,2||1,1,2||1,1,2||1,1,2||1,1,2||1,1,2||1,1,2||1,1,2||1,1,2||1,1,2||1,1,2||1,1,2||1,1,2||1,1,2||1,1,2||68,1,11||1,1,2||1,1,2||1,1,2||1,1,2||35,1,3||1,1,2||1,1,2||1,1,2||1,1,2||1,1,2||1,1,2||1,1,2||21,1,2||1,1,2||1,1,2||1,1,2||1,1,2||1,1,2||1,1,2||1,1,2||1,1,2||1,1,2||1,1,2||1,1,2||1,1,2||1,1,2||1,1,2||1,1,2||1,1,2||1,1,2||1,1,2||1,1,2||1,1,2||1,1,2||1,1,2||14,1,2||1,1,2||1,1,2||1,1,2||1,1,2||1,1,2||1,1,2||1,1,2||1,1,2||1,1,2||1,1,2||1,1,2||1,1,2||1,1,2||1,1,2||1,1,2||1,1,2||1,1,2||1,1,2||1,1,2||1,1,2||1,1,2||1,1,2||1,1,2||1,1,2||1,1,2||1,1,2||1,1,2||1,1,2||1,1,2||1,1,2||1,1,2||1,1,2||1,1,2||1,1,2||1,1,2||1,1,2||1,1,2||1,1,2||1,1,2||1,1,2||1,1,2||1,1,2||1,1,2||1,1,2||1,1,2||1,1,2||1,1,2||1,1,2||1,1,2||1,1,2||1,1,2||1,1,2||1,1,2||1,1,2||1,1,2||1,1,2||1,1,2||1,1,2||1,1,2||1,1,2||1,1,2||1,1,2||1,1,2||1,1,2||1,1,2||1,1,2||1,1,2||1,1,2||1,1,2||1,1,2||1,1,2||1,1,2||1,1,2||1,1,2||1,1,2||1,1,2||1,1,2||1,1,2||1,1,2||1,1,2||1,1,2||1,1,2||1,1,2||1,1,2||1,1,2||35,1,3||1,1,2||1,1,2||1,1,2||1,1,2||1,1,2||1,1,2||1,1,2||1,1,2||1,1,2||1,1,2||1,1,2||1,1,2||1,1,2||1,1,2||1,1,2||1,1,2||1,1,2||1,1,2||1,1,2||1,1,2||1,1,2||1,1,2||1,1,2||1,1,2||1,1,2||1,1,2||1,1,2||1,1,2||1,1,2||1,1,2||1,1,2||1,1,2||1,1,2||1,1,2||1,1,2||1,1,2||1,1,2||1,1,2||1,1,2||1,1,2||1,1,2||1,1,2||7,1,2||1,1,2||1,1,2||1,1,2||1,1,2||1,1,2||1,1,2||1,1,2||1,1,2||1,1,2||1,1,2||1,1,2||1,1,2||1,1,2||1,1,2||1,1,2||64,1,8||1,1,2||1,1,2||1,1,2||1,1,2||1,1,2||1,1,2||1,1,2||1,1,2||1,1,2||1,1,2||1,1,2||1,1,2||1,1,2||1,1,2||1,1,2||1,1,2||1,1,2||1,1,2||1,1,2||1,1,2||40,1,3||1,1,2||94,0,-26||
76~~~78~~~1,2,3||1,2,3||1,2,3||1,2,3||1,2,3||1,2,3||1,2,3||1,2,3||1,2,3||1,2,3||1,2,3||1,2,3||1,2,3||1,2,3||1,2,3||1,2,3||1,2,3||1,2,3||1,2,3||1,2,3||1,2,3||1,2,3||1,2,3||1,2,3||1,2,3||1,2,3||1,2,3||1,2,3||1,2,3||1,2,3||1,2,3||1,2,3||1,2,3||1,2,3||1,2,3||1,2,3||1,2,3||1,2,3||1,2,3||1,2,3||1,2,3||1,2,3||1,2,3||1,2,3||1,2,3||1,2,3||1,2,3||1,2,3||1,2,3||1,2,3||1,2,3||1,2,3||52,2,5||1,2,3||1,2,3||1,2,3||100,1,-27||1,1,2||1,1,2||1,1,2||1,1,2||1,1,2||1,1,2||1,1,2||1,1,2||1,1,2||1,1,2||1,1,2||1,1,2||1,1,2||1,1,2||1,1,2||1,1,2||1,1,2||1,1,2||1,1,2||1,1,2||1,1,2||1,1,2||1,1,2||1,1,2||1,1,2||1,1,2||1,1,2||1,1,2||1,1,2||1,1,2||1,1,2||1,1,2||1,1,2||1,1,2||1,1,2||1,1,2||1,1,2||1,1,2||1,1,2||1,1,2||1,1,2||1,1,2||1,1,2||1,1,2||1,1,2||1,1,2||1,1,2||1,1,2||1,1,2||1,1,2||1,1,2||1,1,2||1,1,2||1,1,2||1,1,2||1,1,2||1,1,2||1,1,2||1,1,2||1,1,2||1,1,2||1,1,2||1,1,2||1,1,2||1,1,2||1,1,2||1,1,2||1,1,2||1,1,2||1,1,2||1,1,2||1,1,2||1,1,2||1,1,2||1,1,2||1,1,2||1,1,2||1,1,2||1,1,2||1,1,2||1,1,2||1,1,2||1,1,2||1,1,2||1,1,2||1,1,2||1,1,2||1,1,2||1,1,2||1,1,2||1,1,2||1,1,2||1,1,2||1,1,2||1,1,2||1,1,2||1,1,2||1,1,2||1,1,2||1,1,2||1,1,2||1,1,2||1,1,2||1,1,2||1,1,2||1,1,2||48,1,4||1,1,2||1,1,2||1,1,2||1,1,2||1,1,2||1,1,2||1,1,2||1,1,2||1,1,2||1,1,2||1,1,2||1,1,2||1,1,2||1,1,2||1,1,2||1,1,2||1,1,2||1,1,2||1,1,2||1,1,2||1,1,2||1,1,2||1,1,2||1,1,2||1,1,2||1,1,2||1,1,2||1,1,2||1,1,2||1,1,2||1,1,2||1,1,2||1,1,2||1,1,2||1,1,2||1,1,2||1,1,2||1,1,2||1,1,2||1,1,2||1,1,2||1,1,2||1,1,2||1,1,2||33,1,3||1,1,2||1,1,2||1,1,2||1,1,2||1,1,2||1,1,2||1,1,2||1,1,2||1,1,2||1,1,2||1,1,2||1,1,2||1,1,2||1,1,2||1,1,2||1,1,2||1,1,2||28,1,3||1,1,2||1,1,2||1,1,2||1,1,2||1,1,2||37,1,3||1,1,2||1,1,2||1,1,2||1,1,2||1,1,2||1,1,2||1,1,2||1,1,2||1,1,2||1,1,2||1,1,2||1,1,2||1,1,2||40,1,3||1,1,2||1,1,2||1,1,2||1,1,2||1,1,2||1,1,2||1,1,2||1,1,2||1,1,2||1,1,2||1,1,2||29,1,3||1,1,2||1,1,2||1,1,2||1,1,2||1,1,2||1,1,2||1,1,2||1,1,2||1,1,2||1,1,2||1,1,2||1,1,2||1,1,2||1,1,2||1,1,2||1,1,2||1,1,2||1,1,2||1,1,2||1,1,2||1,1,2||1,1,2||1,1,2||1,1,2||1,1,2||1,1,2||1,1,2||1,1,2||1,1,2||1,1,2||1,1,2||1,1,2||1,1,2||1,1,2||1,1,2||1,1,2||1,1,2||1,1,2||1,1,2||1,1,2||1,1,2||1,1,2||1,1,2||1,1,2||1,1,2||1,1,2||1,1,2||1,1,2||1,1,2||1,1,2||1,1,2||1,1,2||1,1,2||1,1,2||1,1,2||1,1,2||1,1,2||1,1,2||1,1,2||1,1,2||1,1,2||1,1,2||1,1,2||1,1,2||1,1,2||1,1,2||1,1,2||1,1,2||1,1,2||1,1,2||1,1,2||1,1,2||1,1,2||1,1,2||1,1,2||1,1,2||1,1,2||1,1,2||1,1,2||1,1,2||1,1,2||1,1,2||1,1,2||1,1,2||1,1,2||1,1,2||1,1,2||1,1,2||1,1,2||1,1,2||1,1,2||1,1,2||1,1,2||1,1,2||1,1,2||1,1,2||1,1,2||1,1,2||1,1,2||1,1,2||1,1,2||1,1,2||1,1,2||1,1,2||1,1,2||1,1,2||1,1,2||1,1,2||1,1,2||1,1,2||1,1,2||1,1,2||1,1,2||1,1,2||1,1,2||1,1,2||1,1,2||1,1,2||1,1,2||1,1,2||1,1,2||1,1,2||1,1,2||1,1,2||1,1,2||1,1,2||1,1,2||1,1,2||1,1,2||1,1,2||1,1,2||1,1,2||1,1,2||1,1,2||1,1,2||1,1,2||1,1,2||1,1,2||1,1,2||1,1,2||1,1,2||1,1,2||1,1,2||1,1,2||1,1,2||1,1,2||1,1,2||1,1,2||1,1,2||1,1,2||1,1,2||1,1,2||1,1,2||1,1,2||1,1,2||1,1,2||1,1,2||1,1,2||1,1,2||1,1,2||1,1,2||1,1,2||1,1,2||12,1,2||1,1,2||1,1,2||1,1,2||68,1,11||1,1,2||1,1,2||1,1,2||1,1,2||1,1,2||1,1,2||1,1,2||1,1,2||1,1,2||1,1,2||12,1,2||1,1,2||1,1,2||1,1,2||1,1,2||1,1,2||1,1,2||1,1,2||1,1,2||1,1,2||1,1,2||1,1,2||1,1,2||1,1,2||1,1,2||1,1,2||1,1,2||1,1,2||1,1,2||1,1,2||1,1,2||1,1,2||1,1,2||1,1,2||1,1,2||1,1,2||1,1,2||1,1,2||1,1,2||1,1,2||1,1,2||1,1,2||1,1,2||1,1,2||1,1,2||1,1,2||1,1,2||1,1,2||1,1,2||1,1,2||1,1,2||1,1,2||1,1,2||1,1,2||1,1,2||1,1,2||1,1,2||1,1,2||1,1,2||1,1,2||1,1,2||1,1,2||1,1,2||1,1,2||1,1,2||1,1,2||1,1,2||1,1,2||1,1,2||1,1,2||1,1,2||1,1,2||1,1,2||1,1,2||1,1,2||1,1,2||1,1,2||1,1,2||1,1,2||1,1,2||1,1,2||1,1,2||1,1,2||1,1,2||1,1,2||1,1,2||1,1,2||1,1,2||1,1,2||1,1,2||1,1,2||1,1,2||1,1,2||1,1,2||1,1,2||1,1,2||1,1,2||1,1,2||1,1,2||1,1,2||1,1,2||1,1,2||1,1,2||1,1,2||1,1,2||1,1,2||1,1,2||1,1,2||1,1,2||1,1,2||1,1,2||1,1,2||1,1,2||1,1,2||1,1,2||1,1,2||1,1,2||1,1,2||1,1,2||1,1,2||1,1,2||1,1,2||1,1,2||1,1,2||67,1,10||1,1,2||1,1,2||1,1,2||1,1,2||1,1,2||1,1,2||1,1,2||1,1,2||1,1,2||1,1,2||1,1,2||1,1,2||1,1,2||1,1,2||1,1,2||1,1,2||1,1,2||1,1,2||1,1,2||1,1,2||1,1,2||1,1,2||1,1,2||1,1,2||1,1,2||1,1,2||1,1,2||1,1,2||1,1,2||1,1,2||1,1,2||1,1,2||1,1,2||1,1,2||1,1,2||1,1,2||1,1,2||1,1,2||1,1,2||1,1,2||1,1,2||59,1,6||1,1,2||1,1,2||1,1,2||1,1,2||1,1,2||1,1,2||1,1,2||1,1,2||1,1,2||1,1,2||1,1,2||1,1,2||1,1,2||1,1,2||1,1,2||1,1,2||1,1,2||1,1,2||1,1,2||1,1,2||1,1,2||1,1,2||1,1,2||1,1,2||1,1,2||1,1,2||1,1,2||1,1,2||1,1,2||1,1,2||1,1,2||1,1,2||1,1,2||1,1,2||1,1,2||1,1,2||1,1,2||1,1,2||1,1,2||1,1,2||1,1,2||1,1,2||1,1,2||1,1,2||1,1,2||1,1,2||1,1,2||1,1,2||1,1,2||1,1,2||1,1,2||1,1,2||1,1,2||1,1,2||1,1,2||1,1,2||1,1,2||1,1,2||1,1,2||1,1,2||1,1,2||1,1,2||1,1,2||1,1,2||1,1,2||1,1,2||1,1,2||1,1,2||1,1,2||1,1,2||1,1,2||1,1,2||4,1,2||1,1,2||1,1,2||1,1,2||1,1,2||1,1,2||1,1,2||1,1,2||1,1,2||1,1,2||1,1,2||1,1,2||1,1,2||1,1,2||1,1,2||1,1,2||1,1,2||1,1,2||1,1,2||1,1,2||1,1,2||1,1,2||1,1,2||1,1,2||1,1,2||22,1,2||1,1,2||1,1,2||1,1,2||1,1,2||1,1,2||1,1,2||1,1,2||1,1,2||1,1,2||1,1,2||1,1,2||1,1,2||1,1,2||1,1,2||90,0,-22||
77~~~38~~~1,2,4||1,2,4||1,2,4||1,2,4||1,2,4||1,2,4||1,2,4||1,2,4||1,2,4||1,2,4||1,2,4||1,2,4||1,2,4||1,2,4||1,2,4||1,2,4||1,2,4||1,2,4||1,2,4||1,2,4||1,2,4||1,2,4||1,2,4||1,2,4||1,2,4||1,2,4||1,2,4||1,2,4||1,2,4||1,2,4||1,2,4||1,2,4||1,2,4||1,2,4||1,2,4||1,2,4||1,2,4||1,2,4||1,2,4||1,2,4||1,2,4||1,2,4||1,2,4||1,2,4||1,2,4||1,2,4||1,2,4||1,2,4||1,2,4||1,2,4||1,2,4||1,2,4||1,2,4||1,2,4||1,2,4||1,2,4||1,2,4||1,2,4||1,2,4||1,2,4||1,2,4||1,2,4||1,2,4||1,2,4||1,2,4||1,2,4||1,2,4||1,2,4||1,2,4||1,2,4||1,2,4||1,2,4||1,2,4||1,2,4||1,2,4||1,2,4||1,2,4||1,2,4||1,2,4||1,2,4||1,2,4||1,2,4||1,2,4||1,2,4||1,2,4||1,2,4||1,2,4||1,2,4||9,2,5||1,2,4||1,2,4||1,2,4||1,2,4||1,2,4||1,2,4||1,2,4||1,2,4||90,1,-57||1,1,3||1,1,3||1,1,3||1,1,3||1,1,3||1,1,3||1,1,3||1,1,3||1,1,3||1,1,3||1,1,3||1,1,3||1,1,3||1,1,3||1,1,3||1,1,3||1,1,3||1,1,3||1,1,3||1,1,3||1,1,3||1,1,3||1,1,3||1,1,3||1,1,3||1,1,3||1,1,3||1,1,3||1,1,3||1,1,3||1,1,3||1,1,3||1,1,3||1,1,3||1,1,3||1,1,3||1,1,3||1,1,3||1,1,3||1,1,3||1,1,3||1,1,3||1,1,3||1,1,3||1,1,3||1,1,3||68,0,-40||
78~~~37~~~1,2,4||1,2,4||1,2,4||1,2,4||1,2,4||1,2,4||1,2,4||1,2,4||1,2,4||1,2,4||1,2,4||1,2,4||1,2,4||1,2,4||1,2,4||1,2,4||1,2,4||1,2,4||1,2,4||1,2,4||1,2,4||1,2,4||1,2,4||1,2,4||1,2,4||1,2,4||1,2,4||1,2,4||1,2,4||1,2,4||1,2,4||1,2,4||1,2,4||1,2,4||1,2,4||1,2,4||1,2,4||1,2,4||1,2,4||1,2,4||1,2,4||1,2,4||1,2,4||1,2,4||1,2,4||1,2,4||1,2,4||1,2,4||1,2,4||1,2,4||1,2,4||1,2,4||1,2,4||1,2,4||1,2,4||1,2,4||1,2,4||1,2,4||1,2,4||1,2,4||1,2,4||1,2,4||1,2,4||1,2,4||1,2,4||1,2,4||1,2,4||1,2,4||1,2,4||1,2,4||1,2,4||1,2,4||1,2,4||1,2,4||1,2,4||1,2,4||1,2,4||1,2,4||1,2,4||1,2,4||1,2,4||1,2,4||1,2,4||1,2,4||1,2,4||1,2,4||1,2,4||1,2,4||1,2,4||1,2,4||1,2,4||1,2,4||1,2,4||1,2,4||1,2,4||1,2,4||1,2,4||1,2,4||1,2,4||1,2,4||1,2,4||1,2,4||1,2,4||1,2,4||1,2,4||1,2,4||1,2,4||1,2,4||1,2,4||1,2,4||1,2,4||1,2,4||1,2,4||1,2,4||1,2,4||1,2,4||1,2,4||1,2,4||1,2,4||1,2,4||1,2,4||1,2,4||1,2,4||1,2,4||1,2,4||1,2,4||1,2,4||1,2,4||1,2,4||1,2,4||1,2,4||1,2,4||1,2,4||1,2,4||1,2,4||1,2,4||1,2,4||1,2,4||1,2,4||1,2,4||1,2,4||1,2,4||1,2,4||1,2,4||1,2,4||1,2,4||1,2,4||1,2,4||1,2,4||1,2,4||1,2,4||1,2,4||1,2,4||1,2,4||1,2,4||1,2,4||1,2,4||1,2,4||1,2,4||1,2,4||1,2,4||1,2,4||1,2,4||1,2,4||1,2,4||1,2,4||1,2,4||1,2,4||1,2,4||1,2,4||1,2,4||1,2,4||1,2,4||1,2,4||1,2,4||1,2,4||1,2,4||1,2,4||1,2,4||85,1,-53||1,1,3||1,1,3||1,1,3||1,1,3||1,1,3||1,1,3||1,1,3||1,1,3||1,1,3||1,1,3||1,1,3||1,1,3||1,1,3||1,1,3||1,1,3||1,1,3||1,1,3||1,1,3||1,1,3||1,1,3||1,1,3||1,1,3||1,1,3||1,1,3||1,1,3||1,1,3||1,1,3||1,1,3||1,1,3||1,1,3||1,1,3||1,1,3||1,1,3||1,1,3||1,1,3||1,1,3||1,1,3||1,1,3||1,1,3||1,1,3||1,1,3||1,1,3||1,1,3||1,1,3||1,1,3||1,1,3||1,1,3||1,1,3||1,1,3||1,1,3||1,1,3||1,1,3||1,1,3||1,1,3||1,1,3||1,1,3||1,1,3||1,1,3||1,1,3||1,1,3||1,1,3||1,1,3||1,1,3||1,1,3||1,1,3||1,1,3||1,1,3||1,1,3||1,1,3||1,1,3||1,1,3||1,1,3||1,1,3||1,1,3||1,1,3||1,1,3||1,1,3||1,1,3||1,1,3||1,1,3||1,1,3||1,1,3||1,1,3||1,1,3||1,1,3||1,1,3||1,1,3||1,1,3||1,1,3||1,1,3||1,1,3||1,1,3||1,1,3||1,1,3||1,1,3||1,1,3||1,1,3||1,1,3||1,1,3||1,1,3||1,1,3||1,1,3||1,1,3||1,1,3||1,1,3||1,1,3||1,1,3||1,1,3||1,1,3||1,1,3||1,1,3||1,1,3||1,1,3||1,1,3||1,1,3||1,1,3||1,1,3||1,1,3||1,1,3||1,1,3||1,1,3||1,1,3||1,1,3||1,1,3||1,1,3||1,1,3||1,1,3||1,1,3||1,1,3||1,1,3||1,1,3||1,1,3||1,1,3||1,1,3||1,1,3||1,1,3||1,1,3||1,1,3||1,1,3||1,1,3||1,1,3||1,1,3||2,1,3||1,1,3||1,1,3||1,1,3||1,1,3||1,1,3||1,1,3||1,1,3||1,1,3||1,1,3||1,1,3||9,1,4||1,1,3||1,1,3||1,1,3||1,1,3||1,1,3||1,1,3||1,1,3||1,1,3||1,1,3||1,1,3||1,1,3||1,1,3||1,1,3||1,1,3||1,1,3||1,1,3||1,1,3||1,1,3||67,0,-40||
79~~~4~~~1,2,35||1,2,35||1,2,35||1,2,35||1,2,35||1,2,35||1,2,35||1,2,35||1,2,35||1,2,35||1,2,35||1,2,35||1,2,35||1,2,35||1,2,35||1,2,35||1,2,35||1,2,35||1,2,35||1,2,35||1,2,35||1,2,35||1,2,35||1,2,35||1,2,35||1,2,35||1,2,35||1,2,35||1,2,35||1,2,35||1,2,35||1,2,35||1,2,35||1,2,35||1,2,35||1,2,35||1,2,35||1,2,35||1,2,35||1,2,35||1,2,35||1,2,35||1,2,35||1,2,35||1,2,35||1,2,35||1,2,35||1,2,35||1,2,35||1,2,35||1,2,35||1,2,35||1,2,35||1,2,35||1,2,35||1,2,35||1,2,35||1,2,35||1,2,35||1,2,35||1,2,35||1,2,35||1,2,35||1,2,35||1,2,35||1,2,35||1,2,35||1,2,35||1,2,35||1,2,35||1,2,35||1,2,35||1,2,35||1,2,35||1,2,35||1,2,35||1,2,35||1,2,35||1,2,35||1,2,35||1,2,35||1,2,35||1,2,35||1,2,35||1,2,35||1,2,35||1,2,35||1,2,35||1,2,35||1,2,35||1,2,35||1,2,35||1,2,35||1,2,35||1,2,35||1,2,35||1,2,35||1,2,35||1,2,35||1,2,35||1,2,35||1,2,35||1,2,35||1,2,35||1,2,35||1,2,35||1,2,35||1,2,35||1,2,35||1,2,35||1,2,35||1,2,35||1,2,35||1,2,35||1,2,35||1,2,35||1,2,35||1,2,35||1,2,35||1,2,35||1,2,35||1,2,35||1,2,35||1,2,35||1,2,35||1,2,35||1,2,35||1,2,35||1,2,35||1,2,35||1,2,35||1,2,35||1,2,35||1,2,35||1,2,35||1,2,35||1,2,35||1,2,35||1,2,35||1,2,35||1,2,35||1,2,35||81,1,-82||1,1,34||1,1,34||1,1,34||1,1,34||1,1,34||1,1,34||1,1,34||1,1,34||1,1,34||1,1,34||1,1,34||1,1,34||1,1,34||1,1,34||1,1,34||1,1,34||1,1,34||1,1,34||1,1,34||1,1,34||1,1,34||1,1,34||1,1,34||1,1,34||1,1,34||1,1,34||1,1,34||1,1,34||1,1,34||1,1,34||1,1,34||1,1,34||1,1,34||1,1,34||1,1,34||1,1,34||1,1,34||1,1,34||1,1,34||1,1,34||1,1,34||1,1,34||1,1,34||1,1,34||1,1,34||1,1,34||1,1,34||1,1,34||1,1,34||1,1,34||1,1,34||1,1,34||1,1,34||1,1,34||1,1,34||1,1,34||1,1,34||1,1,34||1,1,34||1,1,34||1,1,34||1,1,34||1,1,34||1,1,34||1,1,34||1,1,34||1,1,34||1,1,34||1,1,34||1,1,34||1,1,34||1,1,34||1,1,34||1,1,34||1,1,34||1,1,34||1,1,34||1,1,34||1,1,34||1,1,34||1,1,34||1,1,34||1,1,34||1,1,34||1,1,34||1,1,34||1,1,34||1,1,34||1,1,34||1,1,34||1,1,34||1,1,34||1,1,34||1,1,34||1,1,34||1,1,34||1,1,34||1,1,34||1,1,34||1,1,34||1,1,34||1,1,34||1,1,34||1,1,34||1,1,34||1,1,34||1,1,34||1,1,34||1,1,34||1,1,34||1,1,34||1,1,34||1,1,34||1,1,34||1,1,34||1,1,34||1,1,34||1,1,34||1,1,34||1,1,34||1,1,34||1,1,34||1,1,34||1,1,34||1,1,34||1,1,34||1,1,34||1,1,34||1,1,34||1,1,34||1,1,34||1,1,34||1,1,34||1,1,34||1,1,34||1,1,34||1,1,34||1,1,34||1,1,34||1,1,34||1,1,34||1,1,34||1,1,34||1,1,34||1,1,34||1,1,34||1,1,34||1,1,34||1,1,34||1,1,34||1,1,34||1,1,34||1,1,34||1,1,34||1,1,34||1,1,34||1,1,34||1,1,34||1,1,34||1,1,34||1,1,34||1,1,34||1,1,34||1,1,34||1,1,34||1,1,34||1,1,34||1,1,34||1,1,34||1,1,34||1,1,34||1,1,34||1,1,34||1,1,34||1,1,34||1,1,34||1,1,34||1,1,34||1,1,34||1,1,34||1,1,34||1,1,34||1,1,34||1,1,34||1,1,34||1,1,34||1,1,34||1,1,34||1,1,34||1,1,34||1,1,34||1,1,34||19,0,-25||
