0~~~18~~~78,1,1.0||44,0,-7.4||
1~~~95~~~66,2,4.9||72,2,4.3||-0.0,2,11.5||-0.0,2,11.5||-0.0,2,11.5||-0.0,2,11.5||-0.0,2,11.5||-0.0,2,11.5||33,2,8.2||19,2,9.6||31,2,8.4||23,2,9.2||81,2,3.4||17,2,9.8||38,2,7.7||100.0,1,-4.5||100.0,0,-9.5||
2~~~99~~~86,2,3.3||89,2,3.0||100.0,1,-4.9||100.0,0,-9.9||
3~~~74~~~100.0,1,-2.4||100.0,0,-7.4||
4~~~83~~~100.0,1,-3.3||100.0,0,-8.3||
5~~~96~~~100.0,1,-4.6||100.0,0,-9.6||
6~~~94~~~41,2,7.3||100.0,1,-4.4||100.0,0,-9.4||
7~~~9~~~100.0,1,4.1||100.0,0,-0.9000000000000004||
8~~~42~~~100.0,1,0.7999999999999998||20,1,3.2||100.0,0,-4.2||
9~~~31~~~100.0,1,1.9000000000000004||53,0,-7.8||
10~~~19~~~100.0,1,3.0999999999999996||100.0,0,-1.9000000000000004||
11~~~31~~~100.0,1,1.9000000000000004||100.0,0,-3.0999999999999996||
12~~~100~~~100.0,1,10||
13~~~53~~~100.0,1,-0.2999999999999998||100.0,0,-5.3||
14~~~54~~~100.0,1,-0.40000000000000036||27,1,3.7||62,0,-9.2||
15~~~94~~~100.0,1,-4.4||39,1,6.5||100.0,0,-9.4||
16~~~70~~~100.0,1,-2.0||100.0,0,-7.0||
17~~~30~~~100.0,1,2.0||100.0,0,-3.0||
18~~~28~~~100.0,1,2.2||39,0,-8.9||
19~~~59~~~100.0,1,-0.9000000000000004||100.0,0,-5.9||
20~~~73~~~100.0,1,-2.3||55,1,2.8||100.0,0,-7.3||
21~~~11~~~100.0,1,3.9000000000000004||100.0,0,-1.0999999999999996||
22~~~85~~~70,2,3.5||39,2,6.6||7,2,9.8||100.0,1,-3.5||100.0,0,-8.5||
23~~~35~~~100.0,1,1.5||100.0,0,-3.5||
24~~~43~~~100.0,1,0.7000000000000002||100.0,0,-4.3||
25~~~16~~~100.0,1,3.4000000000000004||44,0,-7.2||
26~~~101~~~100.0,2,2.1||100.0,2,2.1||100.0,2,2.1||13,2,10.8||70,2,5.1||100.0,2,2.1||100.0,2,2.1||100.0,2,2.1||22,2,9.9||100.0,2,2.1||77,2,4.4||100.0,2,2.1||100.0,2,2.1||100,2,2.1||100.0,2,2.1||49,2,7.2||100.0,2,2.1||100.0,2,2.1||100.0,2,2.1||100.0,2,2.1||100.0,2,2.1||6,2,11.5||100.0,2,2.1||100.0,2,2.1||100.0,2,2.1||100.0,2,2.1||100.0,2,2.1||35,2,8.6||100.0,2,2.1||100.0,2,2.1||100.0,2,2.1||100.0,2,2.1||66,2,5.5||100.0,2,2.1||100.0,2,2.1||100.0,2,2.1||100.0,2,2.1||34,2,8.7||100.0,2,2.1||100.0,2,2.1||100.0,2,2.1||58,2,6.3||100.0,2,2.1||100.0,2,2.1||100.0,2,2.1||100.0,2,2.1||100.0,2,2.1||100.0,2,2.1||100.0,2,2.1||22,2,9.9||66,2,5.5||100.0,2,2.1||100.0,2,2.1||100.0,2,2.1||100.0,2,2.1||100.0,2,2.1||100.0,2,2.1||45,2,7.6||100.0,2,2.1||35,2,8.6||100.0,2,2.1||84,2,3.7||100.0,2,2.1||39,2,8.2||100.0,2,2.1||100.0,2,2.1||100.0,2,2.1||100.0,2,2.1||100.0,2,2.1||100.0,2,2.1||27,2,9.4||72,2,4.9||100.0,2,2.1||100.0,2,2.1||78,2,4.3||100.0,2,2.1||100.0,2,2.1||59,2,6.2||71,2,5.0||30,2,9.1||47,2,7.4||100.0,2,2.1||4,2,11.7||100.0,2,2.1||100.0,2,2.1||100.0,2,2.1||100.0,2,2.1||100.0,2,2.1||100.0,2,2.1||100.0,2,2.1||100.0,2,2.1||100.0,2,2.1||30,2,9.1||100.0,2,2.1||100.0,2,2.1||100.0,2,2.1||100.0,2,2.1||43,2,7.8||52,2,6.9||100.0,2,2.1||40,2,8.1||100.0,2,2.1||24,2,9.7||100.0,2,2.1||100.0,2,2.1||14,2,10.7||100.0,2,2.1||100.0,2,2.1||100.0,2,2.1||100.0,2,2.1||100.0,2,2.1||61,2,6.0||77,2,4.4||100.0,2,2.1||100.0,2,2.1||100.0,2,2.1||101,1,10||
27~~~76~~~100.0,1,-2.6||97,0,-7.9||
28~~~12~~~100.0,1,3.8000000000000007||29,0,-8.3||
29~~~24~~~100.0,1,2.5999999999999996||100.0,0,-2.4000000000000004||
30~~~73~~~100.0,1,-2.3||26,1,5.7||100.0,0,-7.3||
31~~~11~~~100.0,1,3.9000000000000004||70,0,-4.1||
32~~~81~~~100.0,1,-3.1||100.0,0,-8.1||
33~~~15~~~100.0,1,3.5||100.0,0,-1.5||
34~~~28~~~100.0,1,2.2||100.0,0,-2.8||
35~~~12~~~100.0,1,3.8000000000000007||100.0,0,-1.1999999999999993||
36~~~69~~~47,2,4.2||100.0,1,-1.9||100.0,0,-6.9||
37~~~9~~~100.0,1,4.1||100.0,0,-0.9000000000000004||
38~~~66~~~100.0,1,-1.6||100.0,0,-6.6||
39~~~80~~~100.0,1,-3.0||71,1,1.9||100.0,0,-8.0||
40~~~68~~~100.0,1,-1.7999999999999998||100.0,0,-6.8||
41~~~33~~~100.0,1,1.7000000000000002||100.0,0,-3.3||
42~~~59~~~100.0,1,-0.9000000000000004||85,0,-7.4||
43~~~60~~~100.0,1,-1.0||100.0,0,-6.0||
44~~~32~~~100.0,1,1.7999999999999998||100.0,0,-3.2||
45~~~37~~~100.0,1,1.2999999999999998||100.0,0,-3.7||
46~~~43~~~100.0,1,0.7000000000000002||100.0,0,-4.3||
47~~~10~~~45,1,-1.5||100.0,0,-1.0||
48~~~97~~~100.0,1,-4.7||100.0,0,-9.7||
49~~~54~~~100.0,1,-0.40000000000000036||100.0,0,-5.4||
50~~~5~~~100.0,1,4.5||100.0,0,-0.5||
51~~~10~~~100.0,1,4.0||74,0,-3.5999999999999996||
52~~~22~~~100.0,1,2.8||100.0,0,-2.2||
53~~~11~~~100.0,1,3.9000000000000004||53,0,-5.8||
54~~~64~~~100.0,1,-1.4||100.0,0,-6.4||
55~~~84~~~100.0,1,-3.4||100.0,0,-8.4||
56~~~64~~~100.0,1,-1.4||100.0,0,-6.4||
57~~~92~~~100.0,1,-4.2||100.0,0,-9.2||
58~~~49~~~64,1,-3.5||95,0,-5.4||
59~~~29~~~100.0,1,2.0999999999999996||100.0,0,-2.9000000000000004||
60~~~68~~~15,2,7.3||100.0,1,-1.7999999999999998||100.0,0,-6.8||
61~~~47~~~100.0,1,0.2999999999999998||100.0,0,-4.7||
62~~~54~~~100.0,1,-0.40000000000000036||100.0,0,-5.4||
63~~~18~~~100.0,1,3.1999999999999993||100.0,0,-1.8000000000000007||
64~~~11~~~100.0,1,3.9000000000000004||100.0,0,-1.0999999999999996||
65~~~46~~~100.0,1,0.40000000000000036||49,0,-9.7||
66~~~3~~~100.0,1,4.699999999999999||16,0,-8.7||
67~~~83~~~100.0,1,-3.3||100.0,0,-8.3||
68~~~13~~~100.0,1,3.6999999999999993||100.0,0,-1.3000000000000007||
69~~~15~~~100.0,1,3.5||100.0,0,-1.5||
70~~~35~~~100.0,1,1.5||100.0,0,-3.5||
71~~~76~~~100.0,1,-2.6||100.0,0,-7.6||
72~~~13~~~100.0,1,3.6999999999999993||100.0,0,-1.3000000000000007||
73~~~21~~~100.0,1,2.9000000000000004||100.0,0,-2.0999999999999996||
74~~~26~~~100.0,1,2.4000000000000004||100.0,0,-2.5999999999999996||
75~~~93~~~53,2,6.0||100.0,1,-4.3||100.0,0,-9.3||
76~~~97~~~100.0,1,-4.7||100.0,0,-9.7||
77~~~54~~~100.0,1,-0.40000000000000036||100.0,0,-5.4||
78~~~97~~~100.0,1,-4.7||100.0,0,-9.7||
79~~~61~~~100.0,1,-1.1||100.0,0,-6.1||
80~~~83~~~100.0,1,-3.3||100.0,0,-8.3||
81~~~46~~~100.0,1,0.40000000000000036||100.0,0,-4.6||
82~~~61~~~100.0,1,-1.1||100.0,0,-6.1||
83~~~39~~~100.0,1,1.0999999999999996||100.0,0,-3.9000000000000004||
84~~~36~~~100.0,1,1.4000000000000004||100.0,0,-3.5999999999999996||
85~~~80~~~100.0,1,-3.0||100.0,0,-8.0||
86~~~31~~~100.0,1,1.9000000000000004||100.0,0,-3.0999999999999996||
87~~~85~~~100.0,1,-3.5||100.0,0,-8.5||
88~~~91~~~100.0,1,-4.1||100.0,0,-9.1||
89~~~53~~~100.0,1,-0.2999999999999998||100.0,0,-5.3||
90~~~75~~~100.0,1,-2.5||100.0,0,-7.5||
91~~~99~~~100.0,1,-4.9||100.0,0,-9.9||
92~~~47~~~100.0,1,0.2999999999999998||100.0,0,-4.7||
93~~~18~~~100.0,1,3.1999999999999993||100.0,0,-1.8000000000000007||
94~~~55~~~100.0,1,-0.5||100.0,0,-5.5||
95~~~69~~~100.0,1,-1.9||100.0,0,-6.9||
96~~~53~~~100.0,1,-0.2999999999999998||100.0,0,-5.3||
97~~~61~~~100.0,1,-1.1||100.0,0,-6.1||
98~~~26~~~100.0,1,2.4000000000000004||100.0,0,-2.5999999999999996||
99~~~23~~~100.0,1,2.7||100.0,0,-2.3||
100~~~93~~~100.0,1,-4.3||100.0,0,-9.3||
101~~~84~~~100.0,1,-3.4||100.0,0,-8.4||
102~~~18~~~100.0,1,3.1999999999999993||100.0,0,-1.8000000000000007||
103~~~35~~~100.0,1,1.5||100.0,0,-3.5||
104~~~99~~~100.0,1,-4.9||100.0,0,-9.9||
105~~~74~~~100.0,1,-2.4||100.0,0,-7.4||
106~~~95~~~100.0,1,-4.5||100.0,0,-9.5||
107~~~98~~~100.0,1,-4.8||100.0,0,-9.8||
108~~~32~~~100.0,1,1.7999999999999998||100.0,0,-3.2||
109~~~95~~~100.0,1,-4.5||100.0,0,-9.5||
110~~~46~~~100.0,1,0.40000000000000036||100.0,0,-4.6||
111~~~81~~~100.0,1,-3.1||100.0,0,-8.1||
112~~~34~~~100.0,1,1.5999999999999996||100.0,0,-3.4000000000000004||
113~~~15~~~100.0,1,3.5||100.0,0,-1.5||
114~~~74~~~100.0,1,-2.4||100.0,0,-7.4||
115~~~92~~~100.0,1,-4.2||100.0,0,-9.2||
116~~~41~~~100.0,1,0.9000000000000004||100.0,0,-4.1||
117~~~74~~~100.0,1,-2.4||100.0,0,-7.4||
118~~~54~~~100.0,1,-0.40000000000000036||100.0,0,-5.4||
119~~~67~~~100.0,1,-1.7000000000000002||100.0,0,-6.7||
120~~~18~~~100.0,1,3.1999999999999993||100.0,0,-1.8000000000000007||
121~~~52~~~100.0,1,-0.20000000000000018||100.0,0,-5.2||
122~~~61~~~100.0,1,-1.1||100.0,0,-6.1||
123~~~60~~~100.0,1,-1.0||100.0,0,-6.0||
124~~~53~~~100.0,1,-0.2999999999999998||100.0,0,-5.3||
125~~~60~~~100.0,1,-1.0||100.0,0,-6.0||
126~~~79~~~100.0,1,-2.9||100.0,0,-7.9||
127~~~51~~~100.0,1,-0.09999999999999964||100.0,0,-5.1||
